processed
-1584.0 -1826.0 0.00000 0.00000 0.00000 0.05100 0.10200    -1360.0 -1826.0 0.00000 0.00000 0.00000 0.05100 0.10200    -1584.0 -1642.0 0.00000 0.00000 0.00000 0.05100 0.10200    -1360.0 -1642.0 0.00000 0.00000 0.00000 0.05100 0.10200  1
-3000.0 354.0 0.00000 0.00000 0.00000 1.00000 0.00000    -2832.0 354.0 0.00000 0.00000 0.00000 0.19900 0.24100    -3000.0 2942.0 0.00000 0.00000 0.00000 1.00000 0.00000    -2832.0 2942.0 0.00000 0.00000 0.00000 0.98244 0.00528  1
-2832.0 1296.0 0.00000 0.00000 0.00000 0.48416 0.15520    -2704.0 1296.0 0.00000 0.00000 0.00000 0.19900 0.24100    -2832.0 2192.0 0.00000 0.00000 0.00000 0.75540 0.07359    -2704.0 2192.0 0.00000 0.00000 0.00000 0.19900 0.24100  1
-2704.0 1360.0 0.00000 0.00000 0.00000 0.19900 0.24100    -2240.0 1360.0 0.00000 0.00000 0.00000 0.19900 0.24100    -2704.0 2224.0 0.00000 0.00000 0.00000 0.19900 0.24100    -2240.0 2224.0 0.00000 0.00000 0.00000 0.19900 0.24100  1
-2240.0 1432.0 0.00000 0.00000 0.00000 0.19900 0.24100    -2000.0 1432.0 0.00000 0.00000 0.00000 0.19900 0.24100    -2240.0 2224.0 0.00000 0.00000 0.00000 0.19900 0.24100    -2000.0 2224.0 0.00000 0.00000 0.00000 0.19900 0.24100  1
-2064.0 1312.0 0.00000 0.00000 0.00000 0.19900 0.24100    -2000.0 1312.0 0.00000 0.00000 0.00000 0.19900 0.24100    -2064.0 1432.0 0.00000 0.00000 0.00000 0.19900 0.24100    -2000.0 1432.0 0.00000 0.00000 0.00000 0.19900 0.24100  1
-2000.0 1392.0 0.00000 0.00000 0.00000 0.19900 0.24100    -1712.0 1392.0 0.00000 0.00000 0.00000 0.38511 0.38822    -2000.0 1792.0 0.00000 0.00000 0.00000 0.19900 0.24100    -1712.0 1792.0 0.00000 0.00000 0.00000 0.19900 0.24100  1
-2000.0 1792.0 0.00000 0.00000 0.00000 0.19900 0.24100    -1724.0 1792.0 0.00000 0.00000 0.00000 0.19900 0.24100    -2000.0 2016.0 0.00000 0.00000 0.00000 0.19900 0.24100    -1724.0 2016.0 0.00000 0.00000 0.00000 0.19900 0.24100  1
-2000.0 2016.0 0.00000 0.00000 0.00000 0.19900 0.24100    -1836.0 2016.0 0.00000 0.00000 0.00000 0.19900 0.24100    -2000.0 2176.0 0.00000 0.00000 0.00000 0.19900 0.24100    -1836.0 2176.0 0.00000 0.00000 0.00000 0.19900 0.24100  1
-2000.0 2176.0 0.00000 0.00000 0.00000 0.19900 0.24100    -1920.0 2176.0 0.00000 0.00000 0.00000 0.19900 0.24100    -2000.0 2224.0 0.00000 0.00000 0.00000 0.19900 0.24100    -1920.0 2224.0 0.00000 0.00000 0.00000 0.19900 0.24100  1
-2208.0 2224.0 0.00000 0.00000 0.00000 0.19900 0.24100    -2000.0 2224.0 0.00000 0.00000 0.00000 0.19900 0.24100    -2208.0 2432.0 0.00000 0.00000 0.00000 0.19900 0.24100    -2000.0 2432.0 0.00000 0.00000 0.00000 0.19900 0.24100  1
-2208.0 2432.0 0.00000 0.00000 0.00000 0.19900 0.24100    -2000.0 2432.0 0.00000 0.00000 0.00000 0.19900 0.24100    -2208.0 2576.0 0.00000 0.00000 0.00000 0.19900 0.24100    -2000.0 2576.0 0.00000 0.00000 0.00000 0.19900 0.24100  1
-2352.0 2448.0 0.00000 0.00000 0.00000 0.19900 0.24100    -2208.0 2448.0 0.00000 0.00000 0.00000 0.19900 0.24100    -2352.0 2576.0 0.00000 0.00000 0.00000 0.19900 0.24100    -2208.0 2576.0 0.00000 0.00000 0.00000 0.19900 0.24100  1
-2312.0 2344.0 0.00000 0.00000 0.00000 0.19900 0.24100    -2208.0 2344.0 0.00000 0.00000 0.00000 0.19900 0.24100    -2312.0 2448.0 0.00000 0.00000 0.00000 0.19900 0.24100    -2208.0 2448.0 0.00000 0.00000 0.00000 0.19900 0.24100  1
-1712.0 1360.0 0.00000 0.00000 0.00000 0.40000 0.40000    -1600.0 1360.0 0.00000 0.00000 0.00000 0.40000 0.40000    -1712.0 1792.0 0.00000 0.00000 0.00000 0.19900 0.24100    -1600.0 1792.0 0.00000 0.00000 0.00000 0.40000 0.40000  1
-1664.0 1280.0 0.00000 0.00000 0.00000 0.40000 0.40000    -1600.0 1280.0 0.00000 0.00000 0.00000 0.40000 0.40000    -1664.0 1360.0 0.00000 0.00000 0.00000 0.40000 0.40000    -1600.0 1360.0 0.00000 0.00000 0.00000 0.40000 0.40000  1
-1600.0 1280.0 0.00000 0.00000 0.00000 0.40000 0.40000    -1440.0 1280.0 0.00000 0.00000 0.00000 0.33373 0.34757    -1600.0 1696.0 0.00000 0.00000 0.00000 0.40000 0.40000    -1440.0 1696.0 0.00000 0.00000 0.00000 0.99000 0.41000  1
-1600.0 1696.0 0.00000 0.00000 0.00000 0.40000 0.40000    -1488.0 1696.0 0.00000 0.00000 0.00000 0.81300 0.40700    -1600.0 1744.0 0.00000 0.00000 0.00000 0.40000 0.40000    -1488.0 1744.0 0.00000 0.00000 0.00000 0.19900 0.24100  1
-1440.0 1440.0 0.00000 0.00000 0.00000 0.58614 0.37158    -1232.0 1440.0 0.00000 0.00000 0.00000 0.32125 0.28224    -1440.0 1696.0 0.00000 0.00000 0.00000 0.99000 0.41000    -1232.0 1696.0 0.00000 0.00000 0.00000 0.19900 0.24100  1
-1232.0 1440.0 0.00000 0.00000 0.00000 0.32125 0.28224    -1136.0 1440.0 0.00000 0.00000 0.00000 0.19900 0.24100    -1232.0 1616.0 0.00000 0.00000 0.00000 0.23720 0.25389    -1136.0 1616.0 0.00000 0.00000 0.00000 0.19900 0.24100  1
-1440.0 1280.0 0.00000 0.00000 0.00000 0.33373 0.34757    -1136.0 1280.0 0.00000 0.00000 0.00000 0.20780 0.24796    -1440.0 1440.0 0.00000 0.00000 0.00000 0.58614 0.37158    -1136.0 1440.0 0.00000 0.00000 0.00000 0.19900 0.24100  1
-1136.0 1248.0 0.00000 0.00000 0.00000 0.20956 0.24936    -1104.0 1248.0 0.00000 0.00000 0.00000 0.19900 0.24100    -1136.0 1424.0 0.00000 0.00000 0.00000 0.19988 0.24170    -1104.0 1424.0 0.00000 0.00000 0.00000 0.19900 0.24100  1
-1520.0 1104.0 0.00000 0.00000 0.00000 0.19900 0.24100    -1104.0 1104.0 0.00000 0.00000 0.00000 0.25334 0.28399    -1520.0 1248.0 0.00000 0.00000 0.00000 0.33634 0.34964    -1104.0 1248.0 0.00000 0.00000 0.00000 0.19900 0.24100  1
-1520.0 1248.0 0.00000 0.00000 0.00000 0.33634 0.34964    -1136.0 1248.0 0.00000 0.00000 0.00000 0.20956 0.24936    -1520.0 1280.0 0.00000 0.00000 0.00000 0.36686 0.37379    -1136.0 1280.0 0.00000 0.00000 0.00000 0.20780 0.24796  1
-1600.0 1200.0 0.00000 0.00000 0.00000 0.19900 0.24100    -1520.0 1200.0 0.00000 0.00000 0.00000 0.29056 0.31343    -1600.0 1280.0 0.00000 0.00000 0.00000 0.40000 0.40000    -1520.0 1280.0 0.00000 0.00000 0.00000 0.36686 0.37379  1
-1104.0 944.0 0.00000 0.00000 0.00000 0.31365 0.33170    -932.0 944.0 0.00000 0.00000 0.00000 0.37528 0.38044    -1104.0 1136.0 0.00000 0.00000 0.00000 0.24126 0.27443    -932.0 1136.0 0.00000 0.00000 0.00000 0.40000 0.40000  1
-1424.0 944.0 0.00000 0.00000 0.00000 0.19900 0.24100    -1104.0 944.0 0.00000 0.00000 0.00000 0.31365 0.33170    -1424.0 1104.0 0.00000 0.00000 0.00000 0.21154 0.25092    -1104.0 1104.0 0.00000 0.00000 0.00000 0.25334 0.28399  1
-1520.0 1008.0 0.00000 0.00000 0.00000 0.19900 0.24100    -1424.0 1008.0 0.00000 0.00000 0.00000 0.20402 0.24497    -1520.0 1104.0 0.00000 0.00000 0.00000 0.19900 0.24100    -1424.0 1104.0 0.00000 0.00000 0.00000 0.21154 0.25092  1
-1424.0 784.0 0.00000 0.00000 0.00000 0.19900 0.24100    -896.0 784.0 0.00000 0.00000 0.00000 0.19900 0.24100    -1424.0 944.0 0.00000 0.00000 0.00000 0.19900 0.24100    -896.0 944.0 0.00000 0.00000 0.00000 0.38818 0.39065  1
-1488.0 560.0 0.00000 0.00000 0.00000 0.19151 0.23197    -896.0 560.0 0.00000 0.00000 0.00000 0.15100 0.18313    -1488.0 784.0 0.00000 0.00000 0.00000 0.19900 0.24100    -896.0 784.0 0.00000 0.00000 0.00000 0.19900 0.24100  1
-1536.0 560.0 0.00000 0.00000 0.00000 0.19464 0.23574    -1488.0 560.0 0.00000 0.00000 0.00000 0.19151 0.23197    -1536.0 672.0 0.00000 0.00000 0.00000 0.19900 0.24100    -1488.0 672.0 0.00000 0.00000 0.00000 0.19526 0.23649  1
-896.0 208.0 0.00000 0.00000 0.00000 0.07303 0.08914    -768.0 208.0 0.00000 0.00000 0.00000 0.03377 0.04181    -896.0 732.0 0.00000 0.00000 0.00000 0.18786 0.22757    -768.0 732.0 0.00000 0.00000 0.00000 0.40000 0.40000  1
-1600.0 208.0 0.00000 0.00000 0.00000 0.19900 0.24100    -896.0 208.0 0.00000 0.00000 0.00000 0.07303 0.08914    -1600.0 560.0 0.00000 0.00000 0.00000 0.19900 0.24100    -896.0 560.0 0.00000 0.00000 0.00000 0.15100 0.18313  1
-992.0 -144.0 0.00000 0.00000 0.00000 0.19900 0.24100    -912.0 -144.0 0.00000 0.00000 0.00000 0.19900 0.24100    -992.0 208.0 0.00000 0.00000 0.00000 0.09021 0.10985    -912.0 208.0 0.00000 0.00000 0.00000 0.07589 0.09259  1
-1748.0 -816.0 0.00000 0.00000 0.00000 0.19900 0.24100    -1180.0 -816.0 0.00000 0.00000 0.00000 0.19900 0.24100    -1748.0 -592.0 0.00000 0.00000 0.00000 0.19900 0.24100    -1180.0 -592.0 0.00000 0.00000 0.00000 0.19900 0.24100  1
-1458.0 -592.0 0.00000 0.00000 0.00000 0.19900 0.24100    -1054.0 -592.0 0.00000 0.00000 0.00000 0.19900 0.24100    -1458.0 -432.0 0.00000 0.00000 0.00000 0.19900 0.24100    -1054.0 -432.0 0.00000 0.00000 0.00000 0.19900 0.24100  1
-3000.0 -1186.0 0.00000 0.00000 0.00000 1.00000 0.00000    -2880.0 -1186.0 0.00000 0.00000 0.00000 0.05100 0.10200    -3000.0 -822.0 0.00000 0.00000 0.00000 1.00000 0.00000    -2880.0 -822.0 0.00000 0.00000 0.00000 0.05100 0.10200  1
-2880.0 -1168.0 0.00000 0.00000 0.00000 0.05100 0.10200    -2768.0 -1168.0 0.00000 0.00000 0.00000 0.05100 0.10200    -2880.0 -896.0 0.00000 0.00000 0.00000 0.05100 0.10200    -2768.0 -896.0 0.00000 0.00000 0.00000 0.05100 0.10200  1
-2768.0 -1106.0 0.00000 0.00000 0.00000 0.05100 0.10200    -2656.0 -1106.0 0.00000 0.00000 0.00000 0.05100 0.10200    -2768.0 -830.0 0.00000 0.00000 0.00000 0.05100 0.10200    -2656.0 -830.0 0.00000 0.00000 0.00000 0.05100 0.10200  1
-2656.0 -1024.0 0.00000 0.00000 0.00000 0.05100 0.10200    -2512.0 -1024.0 0.00000 0.00000 0.00000 0.05100 0.10200    -2656.0 -816.0 0.00000 0.00000 0.00000 0.05100 0.10200    -2512.0 -816.0 0.00000 0.00000 0.00000 0.05100 0.10200  1
-2512.0 -976.0 0.00000 0.00000 0.00000 0.05100 0.10200    -2400.0 -976.0 0.00000 0.00000 0.00000 0.05100 0.10200    -2512.0 -816.0 0.00000 0.00000 0.00000 0.05100 0.10200    -2400.0 -816.0 0.00000 0.00000 0.00000 0.05100 0.10200  1
-2400.0 -1056.0 0.00000 0.00000 0.00000 0.05100 0.10200    -2256.0 -1056.0 0.00000 0.00000 0.00000 0.05100 0.10200    -2400.0 -864.0 0.00000 0.00000 0.00000 0.05100 0.10200    -2256.0 -864.0 0.00000 0.00000 0.00000 0.05100 0.10200  1
-2256.0 -1198.0 0.00000 0.00000 0.00000 0.05100 0.10200    -2144.0 -1198.0 0.00000 0.00000 0.00000 0.05100 0.10200    -2256.0 -950.0 0.00000 0.00000 0.00000 0.05100 0.10200    -2144.0 -950.0 0.00000 0.00000 0.00000 0.05100 0.10200  1
-2144.0 -1408.0 0.00000 0.00000 0.00000 0.05100 0.10200    -2000.0 -1408.0 0.00000 0.00000 0.00000 0.05100 0.10200    -2144.0 -1072.0 0.00000 0.00000 0.00000 0.05100 0.10200    -2000.0 -1072.0 0.00000 0.00000 0.00000 0.05100 0.10200  1
-2000.0 -1536.0 0.00000 0.00000 0.00000 0.05100 0.10200    -1856.0 -1536.0 0.00000 0.00000 0.00000 0.05100 0.10200    -2000.0 -1280.0 0.00000 0.00000 0.00000 0.05100 0.10200    -1856.0 -1280.0 0.00000 0.00000 0.00000 0.05100 0.10200  1
-1856.0 -1648.0 0.00000 0.00000 0.00000 0.05100 0.10200    -1728.0 -1648.0 0.00000 0.00000 0.00000 0.05100 0.10200    -1856.0 -1440.0 0.00000 0.00000 0.00000 0.05100 0.10200    -1728.0 -1440.0 0.00000 0.00000 0.00000 0.05100 0.10200  1
-1728.0 -1728.0 0.00000 0.00000 0.00000 0.05100 0.10200    -1584.0 -1728.0 0.00000 0.00000 0.00000 0.05100 0.10200    -1728.0 -1520.0 0.00000 0.00000 0.00000 0.05100 0.10200    -1584.0 -1520.0 0.00000 0.00000 0.00000 0.05100 0.10200  1
-1360.0 -2052.0 0.00000 0.00000 0.00000 0.05100 0.10200    -1216.0 -2052.0 0.00000 0.00000 0.00000 0.05100 0.10200    -1360.0 -1696.0 0.00000 0.00000 0.00000 0.05100 0.10200    -1216.0 -1696.0 0.00000 0.00000 0.00000 0.05100 0.10200  1
-1440.0 -2110.0 0.00000 0.00000 0.00000 0.05100 0.10200    -1360.0 -2110.0 0.00000 0.00000 0.00000 0.05100 0.10200    -1440.0 -1950.0 0.00000 0.00000 0.00000 0.05100 0.10200    -1360.0 -1950.0 0.00000 0.00000 0.00000 0.05100 0.10200  1
-1484.0 -2180.0 0.00000 0.00000 0.00000 0.03459 0.07876    -1440.0 -2180.0 0.00000 0.00000 0.00000 0.05100 0.10200    -1484.0 -2036.0 0.00000 0.00000 0.00000 0.05100 0.10200    -1440.0 -2036.0 0.00000 0.00000 0.00000 0.05100 0.10200  1
-1572.0 -2352.0 0.00000 0.00000 0.00000 0.01500 0.05100    -1484.0 -2352.0 0.00000 0.00000 0.00000 0.01500 0.05100    -1572.0 -2096.0 0.00000 0.00000 0.00000 0.01500 0.05100    -1484.0 -2096.0 0.00000 0.00000 0.00000 0.04416 0.09232  1
-1216.0 -2208.0 0.00000 0.00000 0.00000 0.05100 0.10200    -1104.0 -2208.0 0.00000 0.00000 0.00000 0.05100 0.10200    -1216.0 -1864.0 0.00000 0.00000 0.00000 0.05100 0.10200    -1104.0 -1864.0 0.00000 0.00000 0.00000 0.05100 0.10200  1
-1232.0 -2304.0 0.00000 0.00000 0.00000 0.05100 0.10200    -1120.0 -2304.0 0.00000 0.00000 0.00000 0.05100 0.10200    -1232.0 -2208.0 0.00000 0.00000 0.00000 0.05100 0.10200    -1120.0 -2208.0 0.00000 0.00000 0.00000 0.05100 0.10200  1
-1270.0 -2480.0 0.00000 0.00000 0.00000 0.05100 0.10200    -1178.0 -2480.0 0.00000 0.00000 0.00000 0.05100 0.10200    -1270.0 -2304.0 0.00000 0.00000 0.00000 0.05100 0.10200    -1178.0 -2304.0 0.00000 0.00000 0.00000 0.05100 0.10200  1
-1260.0 -2560.0 0.00000 0.00000 0.00000 0.05100 0.10200    -1188.0 -2560.0 0.00000 0.00000 0.00000 0.05100 0.10200    -1260.0 -2480.0 0.00000 0.00000 0.00000 0.05100 0.10200    -1188.0 -2480.0 0.00000 0.00000 0.00000 0.05100 0.10200  1
-1262.0 -2640.0 0.00000 0.00000 0.00000 0.05100 0.10200    -1146.0 -2640.0 0.00000 0.00000 0.00000 0.05100 0.10200    -1262.0 -2560.0 0.00000 0.00000 0.00000 0.05100 0.10200    -1146.0 -2560.0 0.00000 0.00000 0.00000 0.05100 0.10200  1
-1216.0 -2752.0 0.00000 0.00000 0.00000 0.05100 0.10200    -1080.0 -2752.0 0.00000 0.00000 0.00000 0.05100 0.10200    -1216.0 -2640.0 0.00000 0.00000 0.00000 0.05100 0.10200    -1080.0 -2640.0 0.00000 0.00000 0.00000 0.05100 0.10200  1
-1200.0 -2896.0 0.00000 0.00000 0.00000 0.17776 0.10542    -928.0 -2896.0 0.00000 0.00000 0.00000 0.34598 0.11367    -1200.0 -2752.0 0.00000 0.00000 0.00000 0.05100 0.10200    -928.0 -2752.0 0.00000 0.00000 0.00000 0.05100 0.10200  1
-2016.0 -3000.0 0.00000 0.00000 0.00000 1.00000 0.00000    -1520.0 -3000.0 0.00000 0.00000 0.00000 1.00000 0.00000    -2016.0 -2704.0 0.00000 0.00000 0.00000 0.19900 0.24100    -1520.0 -2704.0 0.00000 0.00000 0.00000 0.19900 0.24100  1
-1520.0 -3000.0 0.00000 0.00000 0.00000 1.00000 0.00000    -1376.0 -3000.0 0.00000 0.00000 0.00000 1.00000 0.00000    -1520.0 -2894.0 0.00000 0.00000 0.00000 0.71316 0.08630    -1376.0 -2894.0 0.00000 0.00000 0.00000 0.05100 0.10200  1
-2256.0 -3000.0 0.00000 0.00000 0.00000 1.00000 0.00000    -2016.0 -3000.0 0.00000 0.00000 0.00000 1.00000 0.00000    -2256.0 -2772.0 0.00000 0.00000 0.00000 0.38301 0.18564    -2016.0 -2772.0 0.00000 0.00000 0.00000 0.38301 0.18564  1
-2448.0 -3000.0 0.00000 0.00000 0.00000 1.00000 0.00000    -2256.0 -3000.0 0.00000 0.00000 0.00000 1.00000 0.00000    -2448.0 -2704.0 0.00000 0.00000 0.00000 0.19900 0.24100    -2256.0 -2704.0 0.00000 0.00000 0.00000 0.19900 0.24100  1
-3000.0 -3000.0 0.00000 0.00000 0.00000 1.00000 0.00000    -2448.0 -3000.0 0.00000 0.00000 0.00000 1.00000 0.00000    -3000.0 -2704.0 0.00000 0.00000 0.00000 1.00000 0.00000    -2448.0 -2704.0 0.00000 0.00000 0.00000 0.19900 0.24100  1
-3000.0 -2704.0 0.00000 0.00000 0.00000 1.00000 0.00000    -2516.0 -2704.0 0.00000 0.00000 0.00000 0.29767 0.21131    -3000.0 -2576.0 0.00000 0.00000 0.00000 1.00000 0.00000    -2516.0 -2576.0 0.00000 0.00000 0.00000 0.19900 0.24100  1
-3000.0 -2576.0 0.00000 0.00000 0.00000 1.00000 0.00000    -2600.0 -2576.0 0.00000 0.00000 0.00000 0.33802 0.19917    -3000.0 -2448.0 0.00000 0.00000 0.00000 1.00000 0.00000    -2600.0 -2448.0 0.00000 0.00000 0.00000 0.19900 0.24100  1
-3000.0 -2448.0 0.00000 0.00000 0.00000 1.00000 0.00000    -2628.0 -2448.0 0.00000 0.00000 0.00000 0.25507 0.22413    -3000.0 -2144.0 0.00000 0.00000 0.00000 1.00000 0.00000    -2628.0 -2144.0 0.00000 0.00000 0.00000 0.01900 0.02400  1
-3000.0 -2144.0 0.00000 0.00000 0.00000 1.00000 0.00000    -2670.0 -2144.0 0.00000 0.00000 0.00000 0.12976 0.02129    -3000.0 -2032.0 0.00000 0.00000 0.00000 1.00000 0.00000    -2670.0 -2032.0 0.00000 0.00000 0.00000 0.19900 0.24100  1
-3000.0 -2032.0 0.00000 0.00000 0.00000 1.00000 0.00000    -2802.0 -2032.0 0.00000 0.00000 0.00000 0.51940 0.14460    -3000.0 -1904.0 0.00000 0.00000 0.00000 1.00000 0.00000    -2802.0 -1904.0 0.00000 0.00000 0.00000 0.19900 0.24100  1
-3000.0 -1904.0 0.00000 0.00000 0.00000 1.00000 0.00000    -2920.0 -1904.0 0.00000 0.00000 0.00000 0.67636 0.09737    -3000.0 -1376.0 0.00000 0.00000 0.00000 1.00000 0.00000    -2920.0 -1376.0 0.00000 0.00000 0.00000 0.19900 0.24100  1
-3000.0 -1376.0 0.00000 0.00000 0.00000 1.00000 0.00000    -2936.0 -1376.0 0.00000 0.00000 0.00000 0.35920 0.19280    -3000.0 -1186.0 0.00000 0.00000 0.00000 1.00000 0.00000    -2936.0 -1186.0 0.00000 0.00000 0.00000 0.49387 0.05440  1
-768.0 208.0 0.00000 0.00000 0.00000 0.03377 0.04181    -720.0 208.0 0.00000 0.00000 0.00000 0.01900 0.02400    -768.0 672.0 0.00000 0.00000 0.00000 0.35807 0.35899    -720.0 672.0 0.00000 0.00000 0.00000 0.30630 0.31571  1
-720.0 256.0 0.00000 0.00000 0.00000 0.04872 0.05418    -656.0 256.0 0.00000 0.00000 0.00000 0.19900 0.24100    -720.0 672.0 0.00000 0.00000 0.00000 0.30630 0.31571    -656.0 672.0 0.00000 0.00000 0.00000 0.23707 0.25776  1
-656.0 276.0 0.00000 0.00000 0.00000 0.20083 0.24181    -496.0 276.0 0.00000 0.00000 0.00000 0.02000 0.01000    -656.0 576.0 0.00000 0.00000 0.00000 0.22828 0.25389    -496.0 576.0 0.00000 0.00000 0.00000 0.06371 0.09855  1
-496.0 298.0 0.00000 0.00000 0.00000 0.02321 0.01649    -384.0 298.0 0.00000 0.00000 0.00000 0.10537 0.06835    -496.0 566.0 0.00000 0.00000 0.00000 0.06226 0.09560    -384.0 566.0 0.00000 0.00000 0.00000 0.19900 0.24100  1
-384.0 254.0 0.00000 0.00000 0.00000 0.09000 0.04000    -224.0 254.0 0.00000 0.00000 0.00000 0.19900 0.24100    -384.0 530.0 0.00000 0.00000 0.00000 0.18642 0.21781    -224.0 530.0 0.00000 0.00000 0.00000 0.19900 0.24100  1
-224.0 212.0 0.00000 0.00000 0.00000 0.19900 0.24100    -64.0 212.0 0.00000 0.00000 0.00000 0.05108 0.06267    -224.0 528.0 0.00000 0.00000 0.00000 0.19900 0.24100    -64.0 528.0 0.00000 0.00000 0.00000 0.19187 0.23241  1
-64.0 140.0 0.00000 0.00000 0.00000 0.01900 0.02400    64.0 140.0 0.00000 0.00000 0.00000 0.01900 0.02400    -64.0 544.0 0.00000 0.00000 0.00000 0.19900 0.24100    64.0 544.0 0.00000 0.00000 0.00000 0.19900 0.24100  1
64.0 140.0 0.00000 0.00000 0.00000 0.01900 0.02400    304.0 140.0 0.00000 0.00000 0.00000 0.19900 0.24100    64.0 544.0 0.00000 0.00000 0.00000 0.19900 0.24100    304.0 544.0 0.00000 0.00000 0.00000 0.05585 0.06843  1
120.0 544.0 0.00000 0.00000 0.00000 0.16560 0.20073    304.0 544.0 0.00000 0.00000 0.00000 0.05585 0.06843    120.0 648.0 0.00000 0.00000 0.00000 0.01900 0.02400    304.0 648.0 0.00000 0.00000 0.00000 0.01900 0.02400  1
304.0 164.0 0.00000 0.00000 0.00000 0.19050 0.23075    384.0 164.0 0.00000 0.00000 0.00000 0.19900 0.24100    304.0 608.0 0.00000 0.00000 0.00000 0.03317 0.04109    384.0 608.0 0.00000 0.00000 0.00000 0.19900 0.24100  1
384.0 222.0 0.00000 0.00000 0.00000 0.19900 0.24100    464.0 222.0 0.00000 0.00000 0.00000 0.19900 0.24100    384.0 630.0 0.00000 0.00000 0.00000 0.19900 0.24100    464.0 630.0 0.00000 0.00000 0.00000 0.02978 0.03700  1
464.0 304.0 0.00000 0.00000 0.00000 0.16499 0.20000    544.0 304.0 0.00000 0.00000 0.00000 0.19900 0.24100    464.0 656.0 0.00000 0.00000 0.00000 0.01900 0.02400    544.0 656.0 0.00000 0.00000 0.00000 0.01900 0.02400  1
544.0 362.0 0.00000 0.00000 0.00000 0.16934 0.20524    800.0 362.0 0.00000 0.00000 0.00000 0.19900 0.24100    544.0 646.0 0.00000 0.00000 0.00000 0.02411 0.03016    800.0 646.0 0.00000 0.00000 0.00000 0.19900 0.24100  1
800.0 432.0 0.00000 0.00000 0.00000 0.19900 0.24100    944.0 432.0 0.00000 0.00000 0.00000 0.19900 0.24100    800.0 704.0 0.00000 0.00000 0.00000 0.19900 0.24100    944.0 704.0 0.00000 0.00000 0.00000 0.19900 0.24100  1
944.0 480.0 0.00000 0.00000 0.00000 0.19900 0.24100    976.0 480.0 0.00000 0.00000 0.00000 0.19900 0.24100    944.0 720.0 0.00000 0.00000 0.00000 0.19900 0.24100    976.0 720.0 0.00000 0.00000 0.00000 0.19900 0.24100  1
976.0 528.0 0.00000 0.00000 0.00000 0.19900 0.24100    1040.0 528.0 0.00000 0.00000 0.00000 0.19900 0.24100    976.0 704.0 0.00000 0.00000 0.00000 0.19900 0.24100    1040.0 704.0 0.00000 0.00000 0.00000 0.19900 0.24100  1
1040.0 560.0 0.00000 0.00000 0.00000 0.19900 0.24100    1280.0 560.0 0.00000 0.00000 0.00000 0.19900 0.24100    1040.0 672.0 0.00000 0.00000 0.00000 0.19900 0.24100    1280.0 672.0 0.00000 0.00000 0.00000 0.19900 0.24100  1
1280.0 480.0 0.00000 0.00000 0.00000 0.19900 0.24100    1472.0 480.0 0.00000 0.00000 0.00000 0.19900 0.24100    1280.0 640.0 0.00000 0.00000 0.00000 0.19900 0.24100    1472.0 640.0 0.00000 0.00000 0.00000 0.19900 0.24100  1
1472.0 432.0 0.00000 0.00000 0.00000 0.19900 0.24100    1616.0 432.0 0.00000 0.00000 0.00000 0.19900 0.24100    1472.0 640.0 0.00000 0.00000 0.00000 0.19900 0.24100    1616.0 640.0 0.00000 0.00000 0.00000 0.19900 0.24100  1
1616.0 416.0 0.00000 0.00000 0.00000 0.19900 0.24100    1824.0 416.0 0.00000 0.00000 0.00000 0.19900 0.24100    1616.0 608.0 0.00000 0.00000 0.00000 0.19900 0.24100    1824.0 608.0 0.00000 0.00000 0.00000 0.19900 0.24100  1
1824.0 400.0 0.00000 0.00000 0.00000 0.19900 0.24100    2160.0 400.0 0.00000 0.00000 0.00000 0.19900 0.24100    1824.0 576.0 0.00000 0.00000 0.00000 0.19900 0.24100    2160.0 576.0 0.00000 0.00000 0.00000 0.19900 0.24100  1
2160.0 400.0 0.00000 0.00000 0.00000 0.19900 0.24100    2432.0 400.0 0.00000 0.00000 0.00000 0.19900 0.24100    2160.0 512.0 0.00000 0.00000 0.00000 0.19900 0.24100    2432.0 512.0 0.00000 0.00000 0.00000 0.19900 0.24100  1
2432.0 368.0 0.00000 0.00000 0.00000 0.19900 0.24100    2560.0 368.0 0.00000 0.00000 0.00000 0.19900 0.24100    2432.0 544.0 0.00000 0.00000 0.00000 0.19900 0.24100    2560.0 544.0 0.00000 0.00000 0.00000 0.19900 0.24100  1
2560.0 336.0 0.00000 0.00000 0.00000 0.19900 0.24100    2720.0 336.0 0.00000 0.00000 0.00000 0.19900 0.24100    2560.0 576.0 0.00000 0.00000 0.00000 0.19900 0.24100    2720.0 576.0 0.00000 0.00000 0.00000 0.19900 0.24100  1
2720.0 196.0 0.00000 0.00000 0.00000 0.19900 0.24100    2816.0 196.0 0.00000 0.00000 0.00000 0.05184 0.10279    2720.0 560.0 0.00000 0.00000 0.00000 0.19900 0.24100    2816.0 560.0 0.00000 0.00000 0.00000 0.06035 0.11079  1
2816.0 160.0 0.00000 0.00000 0.00000 0.05100 0.10200    3000.0 160.0 0.00000 0.00000 0.00000 1.00000 0.00000    2816.0 576.0 0.00000 0.00000 0.00000 0.05989 0.11035    3000.0 576.0 0.00000 0.00000 0.00000 1.00000 0.00000  1
2860.0 -80.0 0.00000 0.00000 0.00000 0.19900 0.24100    3000.0 -80.0 0.00000 0.00000 0.00000 1.00000 0.00000    2860.0 160.0 0.00000 0.00000 0.00000 0.27793 0.07761    3000.0 160.0 0.00000 0.00000 0.00000 1.00000 0.00000  1
-1376.0 -3000.0 0.00000 0.00000 0.00000 1.00000 0.00000    -544.0 -3000.0 0.00000 0.00000 0.00000 1.00000 0.00000    -1376.0 -2896.0 0.00000 0.00000 0.00000 0.06891 0.10008    -544.0 -2896.0 0.00000 0.00000 0.00000 0.58348 0.12532  1
-928.0 -2896.0 0.00000 0.00000 0.00000 0.34598 0.11367    -544.0 -2896.0 0.00000 0.00000 0.00000 0.58348 0.12532    -928.0 -2800.0 0.00000 0.00000 0.00000 0.14933 0.10589    -544.0 -2800.0 0.00000 0.00000 0.00000 0.19900 0.24100  1
-544.0 -3000.0 0.00000 0.00000 0.00000 1.00000 0.00000    -320.0 -3000.0 0.00000 0.00000 0.00000 1.00000 0.00000    -544.0 -2824.0 0.00000 0.00000 0.00000 0.29512 0.21208    -320.0 -2824.0 0.00000 0.00000 0.00000 0.19900 0.24100  1
-320.0 -3000.0 0.00000 0.00000 0.00000 1.00000 0.00000    -192.0 -3000.0 0.00000 0.00000 0.00000 1.00000 0.00000    -320.0 -2876.0 0.00000 0.00000 0.00000 0.43566 0.16980    -192.0 -2876.0 0.00000 0.00000 0.00000 0.19900 0.24100  1
-192.0 -3000.0 0.00000 0.00000 0.00000 1.00000 0.00000    160.0 -3000.0 0.00000 0.00000 0.00000 1.00000 0.00000    -192.0 -2920.0 0.00000 0.00000 0.00000 0.48323 0.15548    160.0 -2920.0 0.00000 0.00000 0.00000 0.92065 0.01807  1
-128.0 -2920.0 0.00000 0.00000 0.00000 0.56276 0.13050    160.0 -2920.0 0.00000 0.00000 0.00000 0.92065 0.01807    -128.0 -2872.0 0.00000 0.00000 0.00000 0.19900 0.24100    160.0 -2872.0 0.00000 0.00000 0.00000 0.87305 0.02891  1
-60.0 -2872.0 0.00000 0.00000 0.00000 0.35815 0.19092    160.0 -2872.0 0.00000 0.00000 0.00000 0.87305 0.02891    -60.0 -2816.0 0.00000 0.00000 0.00000 0.19900 0.24100    160.0 -2816.0 0.00000 0.00000 0.00000 0.81750 0.04155  1
-4.0 -2816.0 0.00000 0.00000 0.00000 0.35644 0.19023    160.0 -2816.0 0.00000 0.00000 0.00000 0.81750 0.04155    -4.0 -2672.0 0.00000 0.00000 0.00000 0.19900 0.24100    160.0 -2672.0 0.00000 0.00000 0.00000 0.69462 0.06334  1
40.0 -2672.0 0.00000 0.00000 0.00000 0.33197 0.19334    160.0 -2672.0 0.00000 0.00000 0.00000 0.69462 0.06334    40.0 -2256.0 0.00000 0.00000 0.00000 0.30559 0.15850    160.0 -2256.0 0.00000 0.00000 0.00000 0.35608 0.11743  1
16.0 -2560.0 0.00000 0.00000 0.00000 0.19900 0.24100    40.0 -2560.0 0.00000 0.00000 0.00000 0.32487 0.18396    16.0 -2256.0 0.00000 0.00000 0.00000 0.29718 0.16377    40.0 -2256.0 0.00000 0.00000 0.00000 0.30559 0.15850  1
-32.0 -2440.0 0.00000 0.00000 0.00000 0.19900 0.24100    16.0 -2440.0 0.00000 0.00000 0.00000 0.23775 0.21051    -32.0 -2256.0 0.00000 0.00000 0.00000 0.27754 0.17922    16.0 -2256.0 0.00000 0.00000 0.00000 0.29718 0.16377  1
-32.0 -2488.0 0.00000 0.00000 0.00000 0.19900 0.24100    16.0 -2488.0 0.00000 0.00000 0.00000 0.22225 0.22271    -32.0 -2440.0 0.00000 0.00000 0.00000 0.19900 0.24100    16.0 -2440.0 0.00000 0.00000 0.00000 0.23775 0.21051  1
-96.0 -2440.0 0.00000 0.00000 0.00000 0.19900 0.24100    -32.0 -2440.0 0.00000 0.00000 0.00000 0.19900 0.24100    -96.0 -2256.0 0.00000 0.00000 0.00000 0.25136 0.19981    -32.0 -2256.0 0.00000 0.00000 0.00000 0.27754 0.17922  1
-168.0 -2384.0 0.00000 0.00000 0.00000 0.19900 0.24100    -96.0 -2384.0 0.00000 0.00000 0.00000 0.21494 0.22846    -168.0 -2256.0 0.00000 0.00000 0.00000 0.22191 0.22298    -96.0 -2256.0 0.00000 0.00000 0.00000 0.25136 0.19981  1
-224.0 -2256.0 0.00000 0.00000 0.00000 0.19900 0.24100    160.0 -2256.0 0.00000 0.00000 0.00000 0.35608 0.11743    -224.0 -2080.0 0.00000 0.00000 0.00000 0.19986 0.23500    160.0 -2080.0 0.00000 0.00000 0.00000 0.21444 0.13544  1
-248.0 -2080.0 0.00000 0.00000 0.00000 0.19900 0.24100    160.0 -2080.0 0.00000 0.00000 0.00000 0.21444 0.13544    -248.0 -1968.0 0.00000 0.00000 0.00000 0.19377 0.23357    160.0 -1968.0 0.00000 0.00000 0.00000 0.12692 0.13559  1
-280.0 -1968.0 0.00000 0.00000 0.00000 0.19900 0.24100    -128.0 -1968.0 0.00000 0.00000 0.00000 0.17411 0.20475    -280.0 -1824.0 0.00000 0.00000 0.00000 0.19900 0.24100    -128.0 -1824.0 0.00000 0.00000 0.00000 0.18408 0.22117  1
-264.0 -2016.0 0.00000 0.00000 0.00000 0.19900 0.24100    -248.0 -2016.0 0.00000 0.00000 0.00000 0.19601 0.23676    -264.0 -1968.0 0.00000 0.00000 0.00000 0.19638 0.23718    -248.0 -1968.0 0.00000 0.00000 0.00000 0.19377 0.23357  1
-264.0 -1824.0 0.00000 0.00000 0.00000 0.19743 0.23891    -128.0 -1824.0 0.00000 0.00000 0.00000 0.18408 0.22117    -264.0 -1640.0 0.00000 0.00000 0.00000 0.01900 0.02400    -128.0 -1640.0 0.00000 0.00000 0.00000 0.19553 0.23692  1
-128.0 -1768.0 0.00000 0.00000 0.00000 0.18756 0.22597    124.0 -1768.0 0.00000 0.00000 0.00000 0.19832 0.24010    -128.0 -1648.0 0.00000 0.00000 0.00000 0.19503 0.23624    124.0 -1648.0 0.00000 0.00000 0.00000 0.19900 0.24100  1
-128.0 -1792.0 0.00000 0.00000 0.00000 0.18607 0.22391    140.0 -1792.0 0.00000 0.00000 0.00000 0.19863 0.24050    -128.0 -1768.0 0.00000 0.00000 0.00000 0.18756 0.22597    140.0 -1768.0 0.00000 0.00000 0.00000 0.19900 0.24100  1
-128.0 -1968.0 0.00000 0.00000 0.00000 0.17411 0.20475    148.0 -1968.0 0.00000 0.00000 0.00000 0.12889 0.13847    -128.0 -1792.0 0.00000 0.00000 0.00000 0.18607 0.22391    148.0 -1792.0 0.00000 0.00000 0.00000 0.19900 0.24100  1
160.0 -2128.0 0.00000 0.00000 0.00000 0.25307 0.13053    592.0 -2128.0 0.00000 0.00000 0.00000 0.32228 0.20391    160.0 -1976.0 0.00000 0.00000 0.00000 0.13317 0.13558    592.0 -1976.0 0.00000 0.00000 0.00000 0.24034 0.22856  1
480.0 -1976.0 0.00000 0.00000 0.00000 0.21256 0.20446    592.0 -1976.0 0.00000 0.00000 0.00000 0.24034 0.22856    480.0 -1896.0 0.00000 0.00000 0.00000 0.19638 0.23323    592.0 -1896.0 0.00000 0.00000 0.00000 0.19900 0.24100  1
352.0 -1976.0 0.00000 0.00000 0.00000 0.18080 0.17690    480.0 -1976.0 0.00000 0.00000 0.00000 0.21256 0.20446    352.0 -1896.0 0.00000 0.00000 0.00000 0.19356 0.22357    480.0 -1896.0 0.00000 0.00000 0.00000 0.19638 0.23323  1
232.0 -1976.0 0.00000 0.00000 0.00000 0.15103 0.15108    352.0 -1976.0 0.00000 0.00000 0.00000 0.18080 0.17690    232.0 -1880.0 0.00000 0.00000 0.00000 0.05868 0.10596    352.0 -1880.0 0.00000 0.00000 0.00000 0.19628 0.23228  1
160.0 -1976.0 0.00000 0.00000 0.00000 0.13317 0.13558    232.0 -1976.0 0.00000 0.00000 0.00000 0.15103 0.15108    160.0 -1872.0 0.00000 0.00000 0.00000 0.05100 0.10200    232.0 -1872.0 0.00000 0.00000 0.00000 0.05100 0.10200  1
160.0 -2784.0 0.00000 0.00000 0.00000 0.79020 0.04639    592.0 -2784.0 0.00000 0.00000 0.00000 0.83122 0.05078    160.0 -2128.0 0.00000 0.00000 0.00000 0.25307 0.13053    592.0 -2128.0 0.00000 0.00000 0.00000 0.32228 0.20391  1
160.0 -3000.0 0.00000 0.00000 0.00000 1.00000 0.00000    592.0 -3000.0 0.00000 0.00000 0.00000 1.00000 0.00000    160.0 -2784.0 0.00000 0.00000 0.00000 0.79020 0.04639    592.0 -2784.0 0.00000 0.00000 0.00000 0.83122 0.05078  1
352.0 -1896.0 0.00000 0.00000 0.00000 0.19356 0.22357    544.0 -1896.0 0.00000 0.00000 0.00000 0.19788 0.23767    352.0 -1864.0 0.00000 0.00000 0.00000 0.19900 0.24100    544.0 -1864.0 0.00000 0.00000 0.00000 0.19900 0.24100  1
592.0 -2112.0 0.00000 0.00000 0.00000 0.31365 0.20650    976.0 -2112.0 0.00000 0.00000 0.00000 0.19900 0.24100    592.0 -1896.0 0.00000 0.00000 0.00000 0.19900 0.24100    976.0 -1896.0 0.00000 0.00000 0.00000 0.19900 0.24100  1
736.0 -1896.0 0.00000 0.00000 0.00000 0.19900 0.24100    904.0 -1896.0 0.00000 0.00000 0.00000 0.19900 0.24100    736.0 -1864.0 0.00000 0.00000 0.00000 0.19900 0.24100    904.0 -1864.0 0.00000 0.00000 0.00000 0.19900 0.24100  1
704.0 -1896.0 0.00000 0.00000 0.00000 0.19900 0.24100    736.0 -1896.0 0.00000 0.00000 0.00000 0.19900 0.24100    704.0 -1728.0 0.00000 0.00000 0.00000 0.19900 0.24100    736.0 -1728.0 0.00000 0.00000 0.00000 0.19900 0.24100  1
736.0 -1864.0 0.00000 0.00000 0.00000 0.19900 0.24100    752.0 -1864.0 0.00000 0.00000 0.00000 0.19900 0.24100    736.0 -1728.0 0.00000 0.00000 0.00000 0.19900 0.24100    752.0 -1728.0 0.00000 0.00000 0.00000 0.19900 0.24100  1
688.0 -1728.0 0.00000 0.00000 0.00000 0.19900 0.24100    752.0 -1728.0 0.00000 0.00000 0.00000 0.19900 0.24100    688.0 -1480.0 0.00000 0.00000 0.00000 0.19900 0.24100    752.0 -1480.0 0.00000 0.00000 0.00000 0.19900 0.24100  1
592.0 -2192.0 0.00000 0.00000 0.00000 0.37193 0.18897    976.0 -2192.0 0.00000 0.00000 0.00000 0.21230 0.23700    592.0 -2112.0 0.00000 0.00000 0.00000 0.31365 0.20650    976.0 -2112.0 0.00000 0.00000 0.00000 0.19900 0.24100  1
592.0 -2328.0 0.00000 0.00000 0.00000 0.47745 0.15722    1008.0 -2328.0 0.00000 0.00000 0.00000 0.29131 0.21323    592.0 -2192.0 0.00000 0.00000 0.00000 0.37193 0.18897    1008.0 -2192.0 0.00000 0.00000 0.00000 0.19900 0.24100  1
592.0 -3000.0 0.00000 0.00000 0.00000 1.00000 0.00000    1008.0 -3000.0 0.00000 0.00000 0.00000 1.00000 0.00000    592.0 -2328.0 0.00000 0.00000 0.00000 0.47745 0.15722    1008.0 -2328.0 0.00000 0.00000 0.00000 0.29131 0.21323  1
1008.0 -3000.0 0.00000 0.00000 0.00000 1.00000 0.00000    1072.0 -3000.0 0.00000 0.00000 0.00000 1.00000 0.00000    1008.0 -2368.0 0.00000 0.00000 0.00000 0.33350 0.20053    1072.0 -2368.0 0.00000 0.00000 0.00000 0.19900 0.24100  1
1008.0 -2368.0 0.00000 0.00000 0.00000 0.33350 0.20053    1064.0 -2368.0 0.00000 0.00000 0.00000 0.21581 0.23594    1008.0 -2320.0 0.00000 0.00000 0.00000 0.28588 0.21486    1064.0 -2320.0 0.00000 0.00000 0.00000 0.19900 0.24100  1
1072.0 -2672.0 0.00000 0.00000 0.00000 0.58429 0.12508    1288.0 -2672.0 0.00000 0.00000 0.00000 0.19900 0.24100    1072.0 -2412.0 0.00000 0.00000 0.00000 0.25477 0.22422    1288.0 -2412.0 0.00000 0.00000 0.00000 0.19900 0.24100  1
1072.0 -2768.0 0.00000 0.00000 0.00000 0.70596 0.08847    1288.0 -2768.0 0.00000 0.00000 0.00000 0.41256 0.17675    1072.0 -2672.0 0.00000 0.00000 0.00000 0.58429 0.12508    1288.0 -2672.0 0.00000 0.00000 0.00000 0.19900 0.24100  1
1072.0 -3000.0 0.00000 0.00000 0.00000 1.00000 0.00000    1288.0 -3000.0 0.00000 0.00000 0.00000 1.00000 0.00000    1072.0 -2768.0 0.00000 0.00000 0.00000 0.70596 0.08847    1288.0 -2768.0 0.00000 0.00000 0.00000 0.41256 0.17675  1
1288.0 -3000.0 0.00000 0.00000 0.00000 1.00000 0.00000    1448.0 -3000.0 0.00000 0.00000 0.00000 1.00000 0.00000    1288.0 -2760.0 0.00000 0.00000 0.00000 0.39476 0.18210    1448.0 -2760.0 0.00000 0.00000 0.00000 0.21854 0.23512  1
1288.0 -2760.0 0.00000 0.00000 0.00000 0.39476 0.18210    1392.0 -2760.0 0.00000 0.00000 0.00000 0.28021 0.21656    1288.0 -2688.0 0.00000 0.00000 0.00000 0.23459 0.23029    1392.0 -2688.0 0.00000 0.00000 0.00000 0.19900 0.24100  1
1448.0 -3000.0 0.00000 0.00000 0.00000 1.00000 0.00000    1720.0 -3000.0 0.00000 0.00000 0.00000 1.00000 0.00000    1448.0 -2754.0 0.00000 0.00000 0.00000 0.19900 0.24100    1720.0 -2754.0 0.00000 0.00000 0.00000 0.24213 0.22802  1
1720.0 -3000.0 0.00000 0.00000 0.00000 1.00000 0.00000    2064.0 -3000.0 0.00000 0.00000 0.00000 1.00000 0.00000    1720.0 -2740.0 0.00000 0.00000 0.00000 0.19900 0.24100    2064.0 -2740.0 0.00000 0.00000 0.00000 0.19900 0.24100  1
2064.0 -3000.0 0.00000 0.00000 0.00000 1.00000 0.00000    2144.0 -3000.0 0.00000 0.00000 0.00000 1.00000 0.00000    2064.0 -2742.0 0.00000 0.00000 0.00000 0.20516 0.23915    2144.0 -2742.0 0.00000 0.00000 0.00000 0.31114 0.20726  1
2144.0 -3000.0 0.00000 0.00000 0.00000 1.00000 0.00000    2208.0 -3000.0 0.00000 0.00000 0.00000 1.00000 0.00000    2144.0 -2700.0 0.00000 0.00000 0.00000 0.19900 0.24100    2208.0 -2700.0 0.00000 0.00000 0.00000 0.23956 0.22880  1
2208.0 -3000.0 0.00000 0.00000 0.00000 1.00000 0.00000    2272.0 -3000.0 0.00000 0.00000 0.00000 1.00000 0.00000    2208.0 -2684.0 0.00000 0.00000 0.00000 0.19900 0.24100    2272.0 -2684.0 0.00000 0.00000 0.00000 0.63210 0.11069  1
2272.0 -3000.0 0.00000 0.00000 0.00000 1.00000 0.00000    2376.0 -3000.0 0.00000 0.00000 0.00000 1.00000 0.00000    2272.0 -2312.0 0.00000 0.00000 0.00000 0.19900 0.24100    2376.0 -2312.0 0.00000 0.00000 0.00000 0.27488 0.21817  1
2376.0 -2480.0 0.00000 0.00000 0.00000 0.45195 0.16489    2472.0 -2480.0 0.00000 0.00000 0.00000 0.19900 0.24100    2376.0 -2240.0 0.00000 0.00000 0.00000 0.19900 0.24100    2472.0 -2240.0 0.00000 0.00000 0.00000 0.19900 0.24100  1
2472.0 -2376.0 0.00000 0.00000 0.00000 0.19900 0.24100    2776.0 -2376.0 0.00000 0.00000 0.00000 0.19900 0.24100    2472.0 -2240.0 0.00000 0.00000 0.00000 0.19900 0.24100    2776.0 -2240.0 0.00000 0.00000 0.00000 0.19900 0.24100  1
2776.0 -2336.0 0.00000 0.00000 0.00000 0.19900 0.24100    2856.0 -2336.0 0.00000 0.00000 0.00000 0.48507 0.15493    2776.0 -2192.0 0.00000 0.00000 0.00000 0.19900 0.24100    2856.0 -2192.0 0.00000 0.00000 0.00000 0.27910 0.21690  1
2808.0 -2560.0 0.00000 0.00000 0.00000 0.67960 0.09640    3000.0 -2560.0 0.00000 0.00000 0.00000 1.00000 0.00000    2808.0 -2336.0 0.00000 0.00000 0.00000 0.31343 0.20657    3000.0 -2336.0 0.00000 0.00000 0.00000 1.00000 0.00000  1
2856.0 -2336.0 0.00000 0.00000 0.00000 0.48507 0.15493    3000.0 -2336.0 0.00000 0.00000 0.00000 1.00000 0.00000    2856.0 -2136.0 0.00000 0.00000 0.00000 0.19900 0.24100    3000.0 -2136.0 0.00000 0.00000 0.00000 1.00000 0.00000  1
2888.0 -2136.0 0.00000 0.00000 0.00000 0.37700 0.18744    3000.0 -2136.0 0.00000 0.00000 0.00000 1.00000 0.00000    2888.0 -1840.0 0.00000 0.00000 0.00000 0.34035 0.19847    3000.0 -1840.0 0.00000 0.00000 0.00000 1.00000 0.00000  1
2872.0 -1880.0 0.00000 0.00000 0.00000 0.19900 0.24100    2888.0 -1880.0 0.00000 0.00000 0.00000 0.34531 0.19698    2872.0 -1840.0 0.00000 0.00000 0.00000 0.24612 0.22682    2888.0 -1840.0 0.00000 0.00000 0.00000 0.34035 0.19847  1
2864.0 -1840.0 0.00000 0.00000 0.00000 0.19900 0.24100    3000.0 -1840.0 0.00000 0.00000 0.00000 1.00000 0.00000    2864.0 -1720.0 0.00000 0.00000 0.00000 0.19900 0.24100    3000.0 -1720.0 0.00000 0.00000 0.00000 1.00000 0.00000  1
2888.0 -1720.0 0.00000 0.00000 0.00000 0.34035 0.19847    3000.0 -1720.0 0.00000 0.00000 0.00000 1.00000 0.00000    2888.0 -1664.0 0.00000 0.00000 0.00000 0.19900 0.24100    3000.0 -1664.0 0.00000 0.00000 0.00000 1.00000 0.00000  1
2896.0 -1664.0 0.00000 0.00000 0.00000 0.25621 0.22379    3000.0 -1664.0 0.00000 0.00000 0.00000 1.00000 0.00000    2896.0 -1592.0 0.00000 0.00000 0.00000 0.19900 0.24100    3000.0 -1592.0 0.00000 0.00000 0.00000 1.00000 0.00000  1
2920.0 -1592.0 0.00000 0.00000 0.00000 0.38385 0.18538    3000.0 -1592.0 0.00000 0.00000 0.00000 1.00000 0.00000    2920.0 -1504.0 0.00000 0.00000 0.00000 0.19900 0.24100    3000.0 -1504.0 0.00000 0.00000 0.00000 1.00000 0.00000  1
2940.0 -1504.0 0.00000 0.00000 0.00000 0.39925 0.18075    3000.0 -1504.0 0.00000 0.00000 0.00000 1.00000 0.00000    2940.0 -1344.0 0.00000 0.00000 0.00000 0.47761 0.15717    3000.0 -1344.0 0.00000 0.00000 0.00000 1.00000 0.00000  1
2908.0 -1344.0 0.00000 0.00000 0.00000 0.19900 0.24100    3000.0 -1344.0 0.00000 0.00000 0.00000 1.00000 0.00000    2908.0 -1096.0 0.00000 0.00000 0.00000 0.19900 0.24100    3000.0 -1096.0 0.00000 0.00000 0.00000 1.00000 0.00000  1
2912.0 -1096.0 0.00000 0.00000 0.00000 0.23383 0.23052    3000.0 -1096.0 0.00000 0.00000 0.00000 1.00000 0.00000    2912.0 -800.0 0.00000 0.00000 0.00000 0.19900 0.24100    3000.0 -800.0 0.00000 0.00000 0.00000 1.00000 0.00000  1
2918.0 -800.0 0.00000 0.00000 0.00000 0.25361 0.22457    3000.0 -800.0 0.00000 0.00000 0.00000 1.00000 0.00000    2918.0 -472.0 0.00000 0.00000 0.00000 0.48686 0.15439    3000.0 -472.0 0.00000 0.00000 0.00000 1.00000 0.00000  1
2872.0 -472.0 0.00000 0.00000 0.00000 0.19900 0.24100    3000.0 -472.0 0.00000 0.00000 0.00000 1.00000 0.00000    2872.0 -376.0 0.00000 0.00000 0.00000 0.24612 0.22682    3000.0 -376.0 0.00000 0.00000 0.00000 1.00000 0.00000  1
2912.0 -376.0 0.00000 0.00000 0.00000 0.48171 0.15594    3000.0 -376.0 0.00000 0.00000 0.00000 1.00000 0.00000    2912.0 -80.0 0.00000 0.00000 0.00000 0.49651 0.15149    3000.0 -80.0 0.00000 0.00000 0.00000 1.00000 0.00000  1
2864.0 -376.0 0.00000 0.00000 0.00000 0.19900 0.24100    2912.0 -376.0 0.00000 0.00000 0.00000 0.48171 0.15594    2864.0 -80.0 0.00000 0.00000 0.00000 0.22189 0.23411    2912.0 -80.0 0.00000 0.00000 0.00000 0.49651 0.15149  1
2560.0 -2560.0 0.00000 0.00000 0.00000 0.26575 0.22092    2680.0 -2560.0 0.00000 0.00000 0.00000 0.46600 0.16067    2560.0 -2456.0 0.00000 0.00000 0.00000 0.19900 0.24100    2680.0 -2456.0 0.00000 0.00000 0.00000 0.19900 0.24100  1
-992.0 -422.0 0.00000 0.00000 0.00000 0.19900 0.24100    -848.0 -422.0 0.00000 0.00000 0.00000 0.19900 0.24100    -992.0 -238.0 0.00000 0.00000 0.00000 0.19900 0.24100    -848.0 -238.0 0.00000 0.00000 0.00000 0.19900 0.24100  1
-848.0 -384.0 0.00000 0.00000 0.00000 0.19900 0.24100    -512.0 -384.0 0.00000 0.00000 0.00000 0.05100 0.10200    -848.0 -256.0 0.00000 0.00000 0.00000 0.19900 0.24100    -512.0 -256.0 0.00000 0.00000 0.00000 0.05100 0.10200  1
-512.0 -400.0 0.00000 0.00000 0.00000 0.05100 0.10200    -320.0 -400.0 0.00000 0.00000 0.00000 0.03252 0.07068    -512.0 -272.0 0.00000 0.00000 0.00000 0.05100 0.10200    -320.0 -272.0 0.00000 0.00000 0.00000 0.05100 0.10200  1
-320.0 -400.0 0.00000 0.00000 0.00000 0.03252 0.07068    -208.0 -400.0 0.00000 0.00000 0.00000 0.02174 0.05242    -320.0 -304.0 0.00000 0.00000 0.00000 0.04638 0.09417    -208.0 -304.0 0.00000 0.00000 0.00000 0.00000 0.00000  1
-384.0 -528.0 0.00000 0.00000 0.00000 0.05100 0.10200    -100.0 -528.0 0.00000 0.00000 0.00000 0.05100 0.10200    -384.0 -460.0 0.00000 0.00000 0.00000 0.05100 0.10200    -100.0 -460.0 0.00000 0.00000 0.00000 0.05100 0.10200  1
-384.0 -704.0 0.00000 0.00000 0.00000 0.05100 0.10200    -64.0 -704.0 0.00000 0.00000 0.00000 0.05100 0.10200    -384.0 -528.0 0.00000 0.00000 0.00000 0.05100 0.10200    -64.0 -528.0 0.00000 0.00000 0.00000 0.05100 0.10200  1
-336.0 -816.0 0.00000 0.00000 0.00000 0.05100 0.10200    -80.0 -816.0 0.00000 0.00000 0.00000 0.05100 0.10200    -336.0 -704.0 0.00000 0.00000 0.00000 0.05100 0.10200    -80.0 -704.0 0.00000 0.00000 0.00000 0.05100 0.10200  1
-208.0 -936.0 0.00000 0.00000 0.00000 0.05100 0.10200    -48.0 -936.0 0.00000 0.00000 0.00000 0.05100 0.10200    -208.0 -816.0 0.00000 0.00000 0.00000 0.05100 0.10200    -48.0 -816.0 0.00000 0.00000 0.00000 0.05100 0.10200  1
-48.0 -936.0 0.00000 0.00000 0.00000 0.05100 0.10200    144.0 -936.0 0.00000 0.00000 0.00000 0.05100 0.10200    -48.0 -874.0 0.00000 0.00000 0.00000 0.05100 0.10200    144.0 -874.0 0.00000 0.00000 0.00000 0.05100 0.10200  1
32.0 -1024.0 0.00000 0.00000 0.00000 0.14967 0.19467    128.0 -1024.0 0.00000 0.00000 0.00000 0.05100 0.10200    32.0 -936.0 0.00000 0.00000 0.00000 0.05100 0.10200    128.0 -936.0 0.00000 0.00000 0.00000 0.05100 0.10200  1
-16.0 -1104.0 0.00000 0.00000 0.00000 0.19900 0.24100    96.0 -1104.0 0.00000 0.00000 0.00000 0.19900 0.24100    -16.0 -1024.0 0.00000 0.00000 0.00000 0.19900 0.24100    96.0 -1024.0 0.00000 0.00000 0.00000 0.08389 0.13289  1
0.0 -1200.0 0.00000 0.00000 0.00000 0.03700 0.04570    144.0 -1200.0 0.00000 0.00000 0.00000 0.19900 0.24100    0.0 -1104.0 0.00000 0.00000 0.00000 0.19900 0.24100    144.0 -1104.0 0.00000 0.00000 0.00000 0.19900 0.24100  1
-16.0 -1296.0 0.00000 0.00000 0.00000 0.01900 0.02400    128.0 -1296.0 0.00000 0.00000 0.00000 0.01900 0.02400    -16.0 -1200.0 0.00000 0.00000 0.00000 0.01900 0.02400    128.0 -1200.0 0.00000 0.00000 0.00000 0.18100 0.21930  1
-16.0 -1440.0 0.00000 0.00000 0.00000 0.01900 0.02400    112.0 -1440.0 0.00000 0.00000 0.00000 0.01900 0.02400    -16.0 -1296.0 0.00000 0.00000 0.00000 0.01900 0.02400    112.0 -1296.0 0.00000 0.00000 0.00000 0.01900 0.02400  1
0.0 -1552.0 0.00000 0.00000 0.00000 0.19900 0.24100    96.0 -1552.0 0.00000 0.00000 0.00000 0.19900 0.24100    0.0 -1440.0 0.00000 0.00000 0.00000 0.01900 0.02400    96.0 -1440.0 0.00000 0.00000 0.00000 0.01900 0.02400  1
-128.0 -1648.0 0.00000 0.00000 0.00000 0.19503 0.23624    96.0 -1648.0 0.00000 0.00000 0.00000 0.19856 0.24047    -128.0 -1552.0 0.00000 0.00000 0.00000 0.19900 0.24100    96.0 -1552.0 0.00000 0.00000 0.00000 0.19900 0.24100  1
-64.0 -672.0 0.00000 0.00000 0.00000 0.05100 0.10200    32.0 -672.0 0.00000 0.00000 0.00000 0.05100 0.10200    -64.0 -576.0 0.00000 0.00000 0.00000 0.05100 0.10200    32.0 -576.0 0.00000 0.00000 0.00000 0.05100 0.10200  1
-64.0 -576.0 0.00000 0.00000 0.00000 0.05100 0.10200    96.0 -576.0 0.00000 0.00000 0.00000 0.05100 0.10200    -64.0 -496.0 0.00000 0.00000 0.00000 0.05100 0.10200    96.0 -496.0 0.00000 0.00000 0.00000 0.05100 0.10200  1
16.0 -496.0 0.00000 0.00000 0.00000 0.05100 0.10200    144.0 -496.0 0.00000 0.00000 0.00000 0.05100 0.10200    16.0 -392.0 0.00000 0.00000 0.00000 0.05100 0.10200    144.0 -392.0 0.00000 0.00000 0.00000 0.05100 0.10200  1
144.0 -448.0 0.00000 0.00000 0.00000 0.05100 0.10200    240.0 -448.0 0.00000 0.00000 0.00000 0.05100 0.10200    144.0 -384.0 0.00000 0.00000 0.00000 0.05100 0.10200    240.0 -384.0 0.00000 0.00000 0.00000 0.05100 0.10200  1
240.0 -432.0 0.00000 0.00000 0.00000 0.05100 0.10200    304.0 -432.0 0.00000 0.00000 0.00000 0.05100 0.10200    240.0 -320.0 0.00000 0.00000 0.00000 0.05100 0.10200    304.0 -320.0 0.00000 0.00000 0.00000 0.05100 0.10200  1
304.0 -384.0 0.00000 0.00000 0.00000 0.05100 0.10200    352.0 -384.0 0.00000 0.00000 0.00000 0.05100 0.10200    304.0 -288.0 0.00000 0.00000 0.00000 0.05100 0.10200    352.0 -288.0 0.00000 0.00000 0.00000 0.05100 0.10200  1
352.0 -332.0 0.00000 0.00000 0.00000 0.05100 0.10200    400.0 -332.0 0.00000 0.00000 0.00000 0.05100 0.10200    352.0 -252.0 0.00000 0.00000 0.00000 0.05100 0.10200    400.0 -252.0 0.00000 0.00000 0.00000 0.05100 0.10200  1
400.0 -298.0 0.00000 0.00000 0.00000 0.05100 0.10200    464.0 -298.0 0.00000 0.00000 0.00000 0.05100 0.10200    400.0 -234.0 0.00000 0.00000 0.00000 0.05100 0.10200    464.0 -234.0 0.00000 0.00000 0.00000 0.05100 0.10200  1
464.0 -288.0 0.00000 0.00000 0.00000 0.05100 0.10200    576.0 -288.0 0.00000 0.00000 0.00000 0.05100 0.10200    464.0 -208.0 0.00000 0.00000 0.00000 0.05100 0.10200    576.0 -208.0 0.00000 0.00000 0.00000 0.05100 0.10200  1
576.0 -272.0 0.00000 0.00000 0.00000 0.05100 0.10200    688.0 -272.0 0.00000 0.00000 0.00000 0.05100 0.10200    576.0 -192.0 0.00000 0.00000 0.00000 0.05100 0.10200    688.0 -192.0 0.00000 0.00000 0.00000 0.05100 0.10200  1
688.0 -256.0 0.00000 0.00000 0.00000 0.05100 0.10200    768.0 -256.0 0.00000 0.00000 0.00000 0.05100 0.10200    688.0 -144.0 0.00000 0.00000 0.00000 0.05100 0.10200    768.0 -144.0 0.00000 0.00000 0.00000 0.05100 0.10200  1
768.0 -212.0 0.00000 0.00000 0.00000 0.05100 0.10200    800.0 -212.0 0.00000 0.00000 0.00000 0.05100 0.10200    768.0 -124.0 0.00000 0.00000 0.00000 0.05100 0.10200    800.0 -124.0 0.00000 0.00000 0.00000 0.05100 0.10200  1
800.0 -180.0 0.00000 0.00000 0.00000 0.05100 0.10200    976.0 -180.0 0.00000 0.00000 0.00000 0.05100 0.10200    800.0 -92.0 0.00000 0.00000 0.00000 0.05100 0.10200    976.0 -92.0 0.00000 0.00000 0.00000 0.05100 0.10200  1
976.0 -160.0 0.00000 0.00000 0.00000 0.05100 0.10200    1200.0 -160.0 0.00000 0.00000 0.00000 0.05100 0.10200    976.0 -64.0 0.00000 0.00000 0.00000 0.05100 0.10200    1200.0 -64.0 0.00000 0.00000 0.00000 0.05100 0.10200  1
1200.0 -244.0 0.00000 0.00000 0.00000 0.05100 0.10200    1264.0 -244.0 0.00000 0.00000 0.00000 0.05100 0.10200    1200.0 -108.0 0.00000 0.00000 0.00000 0.05100 0.10200    1264.0 -108.0 0.00000 0.00000 0.00000 0.05100 0.10200  1
1264.0 -330.0 0.00000 0.00000 0.00000 0.05100 0.10200    1344.0 -330.0 0.00000 0.00000 0.00000 0.05100 0.10200    1264.0 -158.0 0.00000 0.00000 0.00000 0.05100 0.10200    1344.0 -158.0 0.00000 0.00000 0.00000 0.05100 0.10200  1
1344.0 -320.0 0.00000 0.00000 0.00000 0.05100 0.10200    1456.0 -320.0 0.00000 0.00000 0.00000 0.01500 0.01000    1344.0 -208.0 0.00000 0.00000 0.00000 0.05100 0.10200    1456.0 -208.0 0.00000 0.00000 0.00000 0.04805 0.09446  1
1456.0 -282.0 0.00000 0.00000 0.00000 0.02621 0.03866    1520.0 -282.0 0.00000 0.00000 0.00000 0.05100 0.10200    1456.0 -198.0 0.00000 0.00000 0.00000 0.05100 0.10200    1520.0 -198.0 0.00000 0.00000 0.00000 0.05100 0.10200  1
1520.0 -208.0 0.00000 0.00000 0.00000 0.05100 0.10200    1648.0 -208.0 0.00000 0.00000 0.00000 0.05100 0.10200    1520.0 -80.0 0.00000 0.00000 0.00000 0.05100 0.10200    1648.0 -80.0 0.00000 0.00000 0.00000 0.05100 0.10200  1
1568.0 -80.0 0.00000 0.00000 0.00000 0.05100 0.10200    1648.0 -80.0 0.00000 0.00000 0.00000 0.05100 0.10200    1568.0 16.0 0.00000 0.00000 0.00000 0.05100 0.10200    1648.0 16.0 0.00000 0.00000 0.00000 0.05100 0.10200  1
1648.0 -64.0 0.00000 0.00000 0.00000 0.05100 0.10200    1792.0 -64.0 0.00000 0.00000 0.00000 0.05100 0.10200    1648.0 16.0 0.00000 0.00000 0.00000 0.05100 0.10200    1792.0 16.0 0.00000 0.00000 0.00000 0.05100 0.10200  1
1792.0 -128.0 0.00000 0.00000 0.00000 0.05100 0.10200    1888.0 -128.0 0.00000 0.00000 0.00000 0.05100 0.10200    1792.0 0.0 0.00000 0.00000 0.00000 0.05100 0.10200    1888.0 0.0 0.00000 0.00000 0.00000 0.05100 0.10200  1
1888.0 -268.0 0.00000 0.00000 0.00000 0.05100 0.10200    2016.0 -268.0 0.00000 0.00000 0.00000 0.05100 0.10200    1888.0 -20.0 0.00000 0.00000 0.00000 0.05100 0.10200    2016.0 -20.0 0.00000 0.00000 0.00000 0.05100 0.10200  1
2016.0 -256.0 0.00000 0.00000 0.00000 0.05100 0.10200    2144.0 -256.0 0.00000 0.00000 0.00000 0.05100 0.09881    2016.0 -16.0 0.00000 0.00000 0.00000 0.05100 0.10200    2144.0 -16.0 0.00000 0.00000 0.00000 0.05100 0.05100  1
2144.0 -272.0 0.00000 0.00000 0.00000 0.05100 0.10200    2224.0 -272.0 0.00000 0.00000 0.00000 0.05100 0.10200    2144.0 -96.0 0.00000 0.00000 0.00000 0.05100 0.06694    2224.0 -96.0 0.00000 0.00000 0.00000 0.05100 0.10200  1
2224.0 -272.0 0.00000 0.00000 0.00000 0.05100 0.10200    2288.0 -272.0 0.00000 0.00000 0.00000 0.05100 0.10200    2224.0 -144.0 0.00000 0.00000 0.00000 0.05100 0.10200    2288.0 -144.0 0.00000 0.00000 0.00000 0.05100 0.10200  1
2048.0 -16.0 0.00000 0.00000 0.00000 0.05100 0.08925    2144.0 -16.0 0.00000 0.00000 0.00000 0.05100 0.05100    2048.0 112.0 0.00000 0.00000 0.00000 0.05100 0.10200    2144.0 112.0 0.00000 0.00000 0.00000 0.05100 0.10200  1
2096.0 112.0 0.00000 0.00000 0.00000 0.05100 0.10200    2224.0 112.0 0.00000 0.00000 0.00000 0.05100 0.10200    2096.0 240.0 0.00000 0.00000 0.00000 0.05100 0.10200    2224.0 240.0 0.00000 0.00000 0.00000 0.18075 0.22386  1
2098.0 240.0 0.00000 0.00000 0.00000 0.05303 0.10390    2242.0 240.0 0.00000 0.00000 0.00000 0.19900 0.24100    2098.0 400.0 0.00000 0.00000 0.00000 0.19900 0.24100    2242.0 400.0 0.00000 0.00000 0.00000 0.19900 0.24100  1
2160.0 512.0 0.00000 0.00000 0.00000 0.19900 0.24100    2432.0 512.0 0.00000 0.00000 0.00000 0.19900 0.24100    2160.0 576.0 0.00000 0.00000 0.00000 0.19900 0.24100    2432.0 576.0 0.00000 0.00000 0.00000 0.19900 0.24100  1
2432.0 544.0 0.00000 0.00000 0.00000 0.19900 0.24100    2560.0 544.0 0.00000 0.00000 0.00000 0.19900 0.24100    2432.0 592.0 0.00000 0.00000 0.00000 0.19900 0.24100    2560.0 592.0 0.00000 0.00000 0.00000 0.19900 0.24100  1
2560.0 576.0 0.00000 0.00000 0.00000 0.19900 0.24100    2720.0 576.0 0.00000 0.00000 0.00000 0.19900 0.24100    2560.0 608.0 0.00000 0.00000 0.00000 0.19900 0.24100    2720.0 608.0 0.00000 0.00000 0.00000 0.19900 0.24100  1
2720.0 560.0 0.00000 0.00000 0.00000 0.19900 0.24100    2816.0 560.0 0.00000 0.00000 0.00000 0.06035 0.11079    2720.0 608.0 0.00000 0.00000 0.00000 0.19900 0.24100    2816.0 608.0 0.00000 0.00000 0.00000 0.05827 0.10883  1
2816.0 576.0 0.00000 0.00000 0.00000 0.05989 0.11035    3000.0 576.0 0.00000 0.00000 0.00000 1.00000 0.00000    2816.0 752.0 0.00000 0.00000 0.00000 0.05100 0.10200    3000.0 752.0 0.00000 0.00000 0.00000 1.00000 0.00000  1
-656.0 576.0 0.00000 0.00000 0.00000 0.22828 0.25389    -496.0 576.0 0.00000 0.00000 0.00000 0.06371 0.09855    -656.0 672.0 0.00000 0.00000 0.00000 0.23707 0.25776    -496.0 672.0 0.00000 0.00000 0.00000 0.06398 0.11287  1
-740.0 672.0 0.00000 0.00000 0.00000 0.32787 0.33374    -484.0 672.0 0.00000 0.00000 0.00000 0.05100 0.10200    -740.0 784.0 0.00000 0.00000 0.00000 0.05100 0.10200    -484.0 784.0 0.00000 0.00000 0.00000 0.05100 0.10200  1
-720.0 784.0 0.00000 0.00000 0.00000 0.05100 0.10200    -384.0 784.0 0.00000 0.00000 0.00000 0.05100 0.10200    -720.0 1008.0 0.00000 0.00000 0.00000 0.05100 0.10200    -384.0 1008.0 0.00000 0.00000 0.00000 0.05100 0.10200  1
-640.0 1008.0 0.00000 0.00000 0.00000 0.05100 0.10200    -400.0 1008.0 0.00000 0.00000 0.00000 0.05100 0.10200    -640.0 1216.0 0.00000 0.00000 0.00000 0.05100 0.10200    -400.0 1216.0 0.00000 0.00000 0.00000 0.05100 0.10200  1
-880.0 1296.0 0.00000 0.00000 0.00000 0.05100 0.10200    -688.0 1296.0 0.00000 0.00000 0.00000 0.05100 0.10200    -880.0 1408.0 0.00000 0.00000 0.00000 0.05100 0.10200    -688.0 1408.0 0.00000 0.00000 0.00000 0.05100 0.10200  1
-688.0 1216.0 0.00000 0.00000 0.00000 0.05100 0.10200    -400.0 1216.0 0.00000 0.00000 0.00000 0.05100 0.10200    -688.0 1424.0 0.00000 0.00000 0.00000 0.05100 0.10200    -400.0 1424.0 0.00000 0.00000 0.00000 0.05100 0.10200  1
-672.0 1424.0 0.00000 0.00000 0.00000 0.05100 0.10200    -448.0 1424.0 0.00000 0.00000 0.00000 0.05100 0.10200    -672.0 1616.0 0.00000 0.00000 0.00000 0.05100 0.10200    -448.0 1616.0 0.00000 0.00000 0.00000 0.05100 0.10200  1
-832.0 1616.0 0.00000 0.00000 0.00000 0.05100 0.10200    -512.0 1616.0 0.00000 0.00000 0.00000 0.05100 0.10200    -832.0 1728.0 0.00000 0.00000 0.00000 0.05100 0.10200    -512.0 1728.0 0.00000 0.00000 0.00000 0.05100 0.10200  1
-984.0 1632.0 0.00000 0.00000 0.00000 0.05100 0.10200    -832.0 1632.0 0.00000 0.00000 0.00000 0.05100 0.10200    -984.0 1712.0 0.00000 0.00000 0.00000 0.05100 0.10200    -832.0 1712.0 0.00000 0.00000 0.00000 0.05100 0.10200  1
-832.0 1728.0 0.00000 0.00000 0.00000 0.05100 0.10200    -576.0 1728.0 0.00000 0.00000 0.00000 0.05100 0.10200    -832.0 2032.0 0.00000 0.00000 0.00000 0.05100 0.10200    -576.0 2032.0 0.00000 0.00000 0.00000 0.05100 0.10200  1
-1248.0 2536.0 40.60000 0.00000 0.00000 0.05100 0.10200    -1088.0 2536.0 40.59998 0.00000 0.00000 0.05100 0.10200    -1248.0 2824.0 40.60000 0.00000 0.00000 0.05100 0.10200    -1088.0 2824.0 40.60000 0.00000 0.00000 0.05100 0.10200  1
-1088.0 2544.0 40.59998 0.00000 0.00000 0.05100 0.10200    -1040.0 2544.0 40.59998 0.00000 0.00000 0.05100 0.10200    -1088.0 2800.0 40.59999 0.00000 0.00000 0.05100 0.10200    -1040.0 2800.0 40.60000 0.00000 0.00000 0.05100 0.10200  1
-1040.0 2544.0 40.59998 0.00000 0.00000 0.05100 0.10200    -832.0 2544.0 40.60000 0.00000 0.00000 0.05100 0.10200    -1040.0 2760.0 40.59999 0.00000 0.00000 0.05100 0.10200    -832.0 2760.0 40.60000 0.00000 0.00000 0.01000 0.05000  1
-1088.0 2416.0 40.60000 0.00000 0.00000 0.05100 0.10200    -832.0 2416.0 40.60000 0.00000 0.00000 0.05100 0.10200    -1088.0 2544.0 40.59998 0.00000 0.00000 0.05100 0.10200    -832.0 2544.0 40.60000 0.00000 0.00000 0.05100 0.10200  1
-1040.0 2304.0 40.60000 0.00000 0.00000 0.05100 0.10200    -864.0 2304.0 40.60000 0.00000 0.00000 0.05100 0.10200    -1040.0 2416.0 40.59999 0.00000 0.00000 0.05100 0.10200    -864.0 2416.0 40.59999 0.00000 0.00000 0.05100 0.10200  1
-1024.0 2144.0 40.60000 0.00000 0.00000 0.05100 0.10200    -864.0 2144.0 40.59995 0.00000 0.00000 0.05100 0.10200    -1024.0 2304.0 40.59999 0.00000 0.00000 0.05100 0.10200    -864.0 2304.0 40.60000 0.00000 0.00000 0.05100 0.10200  1
-1072.0 2152.0 40.59999 0.00000 0.00000 0.05100 0.10200    -1024.0 2152.0 40.60000 0.00000 0.00000 0.05100 0.10200    -1072.0 2264.0 40.60000 0.00000 0.00000 0.05100 0.10200    -1024.0 2264.0 40.59999 0.00000 0.00000 0.05100 0.10200  1
-1200.0 2114.0 40.60000 0.00000 0.00000 0.05100 0.10200    -1072.0 2114.0 40.60000 0.00000 0.00000 0.05100 0.10200    -1200.0 2242.0 40.60000 0.00000 0.00000 0.05100 0.10200    -1072.0 2242.0 40.59999 0.00000 0.00000 0.05100 0.10200  1
-976.0 2016.0 40.60000 0.00000 0.00000 0.05100 0.10200    -848.0 2016.0 40.60000 0.00000 0.00000 0.05100 0.10200    -976.0 2144.0 40.59998 0.00000 0.00000 0.05100 0.10200    -848.0 2144.0 40.59995 0.00000 0.00000 0.05100 0.10200  1
-864.0 2144.0 40.59995 0.00000 0.00000 0.05100 0.10200    -448.0 2144.0 40.60000 0.00000 0.00000 0.05100 0.10200    -864.0 2272.0 40.59998 0.00000 0.00000 0.05100 0.10200    -448.0 2272.0 40.60000 0.00000 0.00000 0.05100 0.10200  1
-700.0 2272.0 40.59999 0.00000 0.00000 0.05100 0.10200    -484.0 2272.0 40.59999 0.00000 0.00000 0.05100 0.10200    -700.0 2320.0 40.60000 0.00000 0.00000 0.05100 0.10200    -484.0 2320.0 40.60000 0.00000 0.00000 0.05100 0.10200  1
-608.0 2320.0 40.59999 0.00000 0.00000 0.05100 0.10200    -528.0 2320.0 40.59999 0.00000 0.00000 0.05100 0.10200    -608.0 2352.0 40.60000 0.00000 0.00000 0.05100 0.10200    -528.0 2352.0 40.60000 0.00000 0.00000 0.05100 0.10200  1
-848.0 2044.0 40.59998 0.00000 0.00000 0.05100 0.10200    -816.0 2044.0 40.60000 0.00000 0.00000 0.05100 0.10200    -848.0 2144.0 40.59995 0.00000 0.00000 0.05100 0.10200    -816.0 2144.0 40.59995 0.00000 0.00000 0.05100 0.10200  1
-816.0 2060.0 40.59999 0.00000 0.00000 0.05100 0.10200    -496.0 2060.0 40.59999 0.00000 0.00000 0.05100 0.10200    -816.0 2144.0 40.59995 0.00000 0.00000 0.05100 0.10200    -496.0 2144.0 40.59999 0.00000 0.00000 0.05100 0.10200  1
-604.0 2036.0 40.60000 0.00000 0.00000 0.05100 0.10200    -484.0 2036.0 40.60000 0.00000 0.00000 0.05100 0.10200    -604.0 2060.0 40.59999 0.00000 0.00000 0.05100 0.10200    -484.0 2060.0 40.60000 0.00000 0.00000 0.05100 0.10200  1
2376.0 -3000.0 0.00000 0.00000 0.00000 1.00000 0.00000    3000.0 -3000.0 0.00000 0.00000 0.00000 1.00000 0.00000    2376.0 -2688.0 0.00000 0.00000 0.00000 0.67117 0.09894    3000.0 -2688.0 0.00000 0.00000 0.00000 1.00000 0.00000  1
2520.0 -2688.0 0.00000 0.00000 0.00000 0.74705 0.07611    3000.0 -2688.0 0.00000 0.00000 0.00000 1.00000 0.00000    2520.0 -2560.0 0.00000 0.00000 0.00000 0.19900 0.24100    3000.0 -2560.0 0.00000 0.00000 0.00000 1.00000 0.00000  1
-1328.0 2082.0 40.59999 0.00000 0.00000 0.05100 0.10200    -1200.0 2082.0 40.60000 0.00000 0.00000 0.05100 0.10200    -1328.0 2210.0 40.60000 0.00000 0.00000 0.05100 0.10200    -1200.0 2210.0 40.60000 0.00000 0.00000 0.05100 0.10200  1
-1400.0 2074.0 40.60000 0.00000 0.00000 0.05100 0.10200    -1328.0 2074.0 40.60000 0.00000 0.00000 0.05100 0.10200    -1400.0 2150.0 40.60000 0.00000 0.00000 0.05100 0.10200    -1328.0 2150.0 40.59999 0.00000 0.00000 0.05100 0.10200  1
-1248.0 -144.0 0.00000 0.00000 0.00000 0.19900 0.24100    -992.0 -144.0 0.00000 0.00000 0.00000 0.19900 0.24100    -1248.0 208.0 0.00000 0.00000 0.00000 0.13602 0.16507    -992.0 208.0 0.00000 0.00000 0.00000 0.09021 0.10985  1
-1176.0 -432.0 0.00000 0.00000 0.00000 0.19900 0.24100    -992.0 -432.0 0.00000 0.00000 0.00000 0.19900 0.24100    -1176.0 -144.0 0.00000 0.00000 0.00000 0.19900 0.24100    -992.0 -144.0 0.00000 0.00000 0.00000 0.19900 0.24100  1
-1792.0 -592.0 0.00000 0.00000 0.00000 0.19900 0.24100    -1728.0 -592.0 0.00000 0.00000 0.00000 0.19900 0.24100    -1792.0 -144.0 0.00000 0.00000 0.00000 0.19900 0.24100    -1728.0 -144.0 0.00000 0.00000 0.00000 0.19900 0.24100  1
-1792.0 170.0 0.00000 0.00000 0.00000 0.19900 0.24100    -1600.0 170.0 0.00000 0.00000 0.00000 0.19900 0.24100    -1792.0 274.0 0.00000 0.00000 0.00000 0.19900 0.24100    -1600.0 274.0 0.00000 0.00000 0.00000 0.19900 0.24100  1
-1600.0 168.0 0.00000 0.00000 0.00000 0.19900 0.24100    -1256.0 168.0 0.00000 0.00000 0.00000 0.19900 0.24100    -1600.0 208.0 0.00000 0.00000 0.00000 0.19900 0.24100    -1256.0 208.0 0.00000 0.00000 0.00000 0.13745 0.16679  1
-1574.0 -44.0 0.00000 0.00000 0.00000 0.19900 0.24100    -1550.0 -44.0 0.00000 0.00000 0.00000 0.19900 0.24100    -1574.0 108.0 0.00000 0.00000 0.00000 0.19900 0.24100    -1550.0 108.0 0.00000 0.00000 0.00000 0.19900 0.24100  1
1928.0 -1222.0 18.00000 0.00000 0.00000 0.00000 0.00000    2012.0 -1222.0 18.00000 0.00000 0.00000 0.00000 0.00000    1928.0 -1178.0 18.00000 0.00000 0.00000 0.00000 0.00000    2012.0 -1178.0 18.00000 0.00000 0.00000 0.00000 0.00000  3
-464.0 -1908.0 0.00000 0.00000 0.00000 0.19900 0.24100    -280.0 -1908.0 0.00000 0.00000 0.00000 0.19900 0.24100    -464.0 -1832.0 0.00000 0.00000 0.00000 0.19900 0.24100    -280.0 -1832.0 0.00000 0.00000 0.00000 0.19900 0.24100  1
2248.0 -1182.0 23.33740 0.00000 0.00000 0.00000 0.00000    2260.0 -1182.0 23.33740 0.00000 0.00000 0.00000 0.00000    2248.0 -1170.0 23.33740 0.00000 0.00000 0.00000 0.00000    2260.0 -1170.0 23.33740 0.00000 0.00000 0.00000 0.00000  3
2292.0 -1468.0 22.16500 0.00000 0.00000 0.00000 0.00000    2328.0 -1468.0 22.16500 0.00000 0.00000 0.00000 0.00000    2292.0 -1400.0 22.16500 0.00000 0.00000 0.00000 0.00000    2328.0 -1400.0 22.16500 0.00000 0.00000 0.00000 0.00000  3
1888.0 1468.0 8.59839 0.00000 0.00000 0.00000 0.00000    2036.0 1468.0 8.59839 0.00000 0.00000 0.00000 0.00000    1888.0 1700.0 8.59839 0.00000 0.00000 0.00000 0.00000    2036.0 1700.0 8.59839 0.00000 0.00000 0.00000 0.00000  3
2090.0 1670.0 9.61171 0.00000 0.00000 0.00000 0.00000    2146.0 1670.0 9.61171 0.00000 0.00000 0.00000 0.00000    2090.0 1694.0 9.61171 0.00000 0.00000 0.00000 0.00000    2146.0 1694.0 9.61171 0.00000 0.00000 0.00000 0.00000  3
2110.0 1234.0 7.83275 0.00000 0.00000 0.00000 0.00000    2178.0 1234.0 7.83275 0.00000 0.00000 0.00000 0.00000    2110.0 1330.0 7.83275 0.00000 0.00000 0.00000 0.00000    2178.0 1330.0 7.83275 0.00000 0.00000 0.00000 0.00000  3
2108.0 1084.0 7.56284 0.00000 0.00000 0.00000 0.00000    2180.0 1084.0 7.56284 0.00000 0.00000 0.00000 0.00000    2108.0 1172.0 7.56284 0.00000 0.00000 0.00000 0.00000    2180.0 1172.0 7.56284 0.00000 0.00000 0.00000 0.00000  3
2506.0 1546.0 8.96708 0.00000 0.00000 0.00000 0.00000    2554.0 1546.0 8.96708 0.00000 0.00000 0.00000 0.00000    2506.0 1586.0 8.96708 0.00000 0.00000 0.00000 0.00000    2554.0 1586.0 8.96708 0.00000 0.00000 0.00000 0.00000  3
1270.0 -812.0 86.67300 0.00000 0.00000 0.00000 0.00000    1290.0 -812.0 86.67300 0.00000 0.00000 0.00000 0.00000    1270.0 -800.0 86.67300 0.00000 0.00000 0.00000 0.00000    1290.0 -800.0 86.67300 0.00000 0.00000 0.00000 0.00000  3
1084.0 -684.0 112.00000 0.00000 0.00000 0.00000 0.00000    1104.0 -684.0 112.00000 0.00000 0.00000 0.00000 0.00000    1084.0 -660.0 112.00000 0.00000 0.00000 0.00000 0.00000    1104.0 -660.0 112.00000 0.00000 0.00000 0.00000 0.00000  3
502.0 -1114.0 78.42310 0.00000 0.00000 0.00000 0.00000    522.0 -1114.0 78.42310 0.00000 0.00000 0.00000 0.00000    502.0 -1098.0 78.42310 0.00000 0.00000 0.00000 0.00000    522.0 -1098.0 78.42310 0.00000 0.00000 0.00000 0.00000  3
214.0 -1208.0 74.00000 0.00000 0.00000 0.00000 0.00000    246.0 -1208.0 74.00000 0.00000 0.00000 0.00000 0.00000    214.0 -1180.0 74.00000 0.00000 0.00000 0.00000 0.00000    246.0 -1180.0 74.00000 0.00000 0.00000 0.00000 0.00000  3
218.0 -1180.0 74.00000 0.00000 0.00000 0.00000 0.00000    238.0 -1180.0 74.00000 0.00000 0.00000 0.00000 0.00000    218.0 -1172.0 74.00000 0.00000 0.00000 0.00000 0.00000    238.0 -1172.0 74.00000 0.00000 0.00000 0.00000 0.00000  3
178.0 -1244.0 77.05340 0.00000 0.00000 0.00000 0.00000    206.0 -1244.0 77.05340 0.00000 0.00000 0.00000 0.00000    178.0 -1216.0 77.05340 0.00000 0.00000 0.00000 0.00000    206.0 -1216.0 77.05340 0.00000 0.00000 0.00000 0.00000  3
1744.0 2780.0 8.47297 0.00000 0.00000 0.00000 0.00000    1792.0 2780.0 8.47297 0.00000 0.00000 0.00000 0.00000    1744.0 2868.0 8.47297 0.00000 0.00000 0.00000 0.00000    1792.0 2868.0 8.47297 0.00000 0.00000 0.00000 0.00000  3
-2832.0 2888.0 0.00000 0.00000 0.00000 0.96609 0.01020    3000.0 2888.0 0.00000 0.00000 0.00000 1.00000 0.00000    -2832.0 3000.0 0.00000 0.00000 0.00000 1.00000 0.00000    3000.0 3000.0 0.00000 0.00000 0.00000 1.00000 0.00000  1
-2778.0 -522.0 2.79256 0.00000 0.00000 0.00000 0.00100    -2662.0 -522.0 2.79256 0.00000 0.00000 0.00000 0.00100    -2778.0 -414.0 2.79256 0.00000 0.00000 0.00000 0.00100    -2662.0 -414.0 2.79256 0.00000 0.00000 0.00000 0.00100  1
1520.0 -252.0 0.00000 0.00000 0.00000 0.05100 0.10200    1572.0 -252.0 0.00000 0.00000 0.00000 0.05100 0.10200    1520.0 -208.0 0.00000 0.00000 0.00000 0.05100 0.10200    1572.0 -208.0 0.00000 0.00000 0.00000 0.05100 0.10200  1
2922.0 752.0 0.00000 0.00000 0.00000 0.59771 0.04324    3000.0 752.0 0.00000 0.00000 0.00000 1.00000 0.00000    2922.0 2888.0 0.00000 0.00000 0.00000 0.99955 0.00014    3000.0 2888.0 0.00000 0.00000 0.00000 1.00000 0.00000  1
-3000.0 -446.0 0.00000 0.00000 0.00000 1.00000 0.00000    -2910.0 -446.0 0.00000 0.00000 0.00000 0.19900 0.24100    -3000.0 354.0 0.00000 0.00000 0.00000 1.00000 0.00000    -2910.0 354.0 0.00000 0.00000 0.00000 0.57089 0.12911  1
-2434.0 2224.0 0.00000 0.00000 0.00000 0.19900 0.24100    -2294.0 2224.0 0.00000 0.00000 0.00000 0.19900 0.24100    -2434.0 2340.0 0.00000 0.00000 0.00000 0.19900 0.24100    -2294.0 2340.0 0.00000 0.00000 0.00000 0.19900 0.24100  1
-2294.0 2224.0 0.00000 0.00000 0.00000 0.19900 0.24100    -2208.0 2224.0 0.00000 0.00000 0.00000 0.19900 0.24100    -2294.0 2312.0 0.00000 0.00000 0.00000 0.19900 0.24100    -2208.0 2312.0 0.00000 0.00000 0.00000 0.19900 0.24100  1
2058.0 1868.0 9.62916 0.00000 0.00000 0.00000 0.00000    2110.0 1868.0 9.62916 0.00000 0.00000 0.00000 0.00000    2058.0 1964.0 9.62916 0.00000 0.00000 0.00000 0.00000    2110.0 1964.0 9.62916 0.00000 0.00000 0.00000 0.00000  3
-3000.0 2942.0 0.00000 0.00000 0.00000 1.00000 0.00000    -2832.0 2942.0 0.00000 0.00000 0.00000 0.98244 0.00528    -3000.0 3000.0 0.00000 0.00000 0.00000 1.00000 0.00000    -2832.0 3000.0 0.00000 0.00000 0.00000 1.00000 0.00000  1
-550.0 2004.0 40.60000 0.00000 0.00000 0.05100 0.10200    -494.0 2004.0 40.60000 0.00000 0.00000 0.05100 0.10200    -550.0 2036.0 40.59999 0.00000 0.00000 0.05100 0.10200    -494.0 2036.0 40.59999 0.00000 0.00000 0.05100 0.10200  1
-896.0 842.0 0.00000 0.00000 0.00000 0.26758 0.29525    -776.0 842.0 0.00000 0.00000 0.00000 0.40000 0.40000    -896.0 954.0 0.00000 0.00000 0.00000 0.40000 0.40000    -776.0 954.0 0.00000 0.00000 0.00000 0.40000 0.40000  1
-2240.0 1336.0 0.00000 0.00000 0.00000 0.19900 0.24100    -2088.0 1336.0 0.00000 0.00000 0.00000 0.19900 0.24100    -2240.0 1432.0 0.00000 0.00000 0.00000 0.19900 0.24100    -2088.0 1432.0 0.00000 0.00000 0.00000 0.19900 0.24100  1
-3000.0 -822.0 0.00000 0.00000 0.00000 1.00000 0.00000    -2930.0 -822.0 0.00000 0.00000 0.00000 0.44642 0.05950    -3000.0 -446.0 0.00000 0.00000 0.00000 1.00000 0.00000    -2930.0 -446.0 0.00000 0.00000 0.00000 0.37700 0.18744  1
-2660.0 2224.0 0.00000 0.00000 0.00000 0.19900 0.24100    -2520.0 2224.0 0.00000 0.00000 0.00000 0.19900 0.24100    -2660.0 2264.0 0.00000 0.00000 0.00000 0.19900 0.24100    -2520.0 2264.0 0.00000 0.00000 0.00000 0.19900 0.24100  1
-378.0 -460.0 0.00000 0.00000 0.00000 0.05100 0.10200    -138.0 -460.0 0.00000 0.00000 0.00000 0.05100 0.10200    -378.0 -400.0 0.00000 0.00000 0.00000 0.03810 0.08014    -138.0 -400.0 0.00000 0.00000 0.00000 0.01500 0.04100  1
1836.0 1468.0 8.59839 0.00000 0.00000 0.00000 0.00000    1888.0 1468.0 8.59839 0.00000 0.00000 0.00000 0.00000    1836.0 1568.0 8.59839 0.00000 0.00000 0.00000 0.00000    1888.0 1568.0 8.59839 0.00000 0.00000 0.00000 0.00000  3
890.0 -1106.0 22.41000 0.00000 0.00000 0.00000 0.00000    902.0 -1106.0 22.41000 0.00000 0.00000 0.00000 0.00000    890.0 -1098.0 22.41000 0.00000 0.00000 0.00000 0.00000    902.0 -1098.0 22.41000 0.00000 0.00000 0.00000 0.00000  3
1202.0 -2414.0 8.86445 0.00000 0.00000 0.00000 0.00000    1278.0 -2414.0 8.86445 0.00000 0.00000 0.00000 0.00000    1202.0 -2334.0 8.86445 0.00000 0.00000 0.00000 0.00000    1278.0 -2334.0 8.86445 0.00000 0.00000 0.00000 0.00000  1
1072.0 -2412.0 0.00000 0.00000 0.00000 0.25477 0.22422    1128.0 -2412.0 0.00000 0.00000 0.00000 0.24031 0.22857    1072.0 -2372.0 0.00000 0.00000 0.00000 0.20407 0.23947    1128.0 -2372.0 0.00000 0.00000 0.00000 0.19900 0.24100  1
-848.0 -2082.0 5.27000 0.00000 0.00000 0.00000 0.00000    -664.0 -2082.0 5.27000 0.00000 0.00000 0.00000 0.00000    -848.0 -1866.0 5.27000 0.00000 0.00000 0.00000 0.00000    -664.0 -1866.0 5.27000 0.00000 0.00000 0.00000 0.00000  0
-664.0 -1924.0 5.27000 0.00000 0.00000 0.00000 0.00000    -464.0 -1924.0 5.27000 0.00000 0.00000 0.00000 0.00000    -664.0 -1864.0 5.27000 0.00000 0.00000 0.00000 0.00000    -464.0 -1864.0 5.27000 0.00000 0.00000 0.00000 0.00000  0
-1484.0 784.0 0.00000 0.00000 0.00000 0.19900 0.24100    -1424.0 784.0 0.00000 0.00000 0.00000 0.19900 0.24100    -1484.0 840.0 0.00000 0.00000 0.00000 0.19900 0.24100    -1424.0 840.0 0.00000 0.00000 0.00000 0.19900 0.24100  1
-496.0 566.0 0.00000 0.00000 0.00000 0.06226 0.09560    -432.0 566.0 0.00000 0.00000 0.00000 0.14040 0.17868    -496.0 642.0 0.00000 0.00000 0.00000 0.06390 0.10839    -432.0 642.0 0.00000 0.00000 0.00000 0.00000 0.00000  1
250.0 2808.0 0.00000 0.00000 0.00000 0.19900 0.24100    818.0 2808.0 0.00000 0.00000 0.00000 0.19900 0.24100    250.0 2888.0 0.00000 0.00000 0.00000 0.98401 0.00481    818.0 2888.0 0.00000 0.00000 0.00000 0.98731 0.00382  1
2502.0 -2240.0 0.00000 0.00000 0.00000 0.19900 0.24100    2670.0 -2240.0 0.00000 0.00000 0.00000 0.19900 0.24100    2502.0 -2120.0 -5.00000 0.00000 0.00000 0.00000 0.00000    2670.0 -2120.0 -5.00000 0.00000 0.00000 0.00000 0.00000  1
1270.0 -780.0 1082.72998 0.00000 0.00000 0.00000 0.00000    1290.0 -780.0 1082.72998 0.00000 0.00000 0.00000 0.00000    1270.0 -768.0 1082.72998 0.00000 0.00000 0.00000 0.00000    1290.0 -768.0 1082.72998 0.00000 0.00000 0.00000 0.00000  3
88.0 544.0 0.00000 0.00000 0.00000 0.18469 0.22374    120.0 544.0 0.00000 0.00000 0.00000 0.16560 0.20073    88.0 572.0 0.00000 0.00000 0.00000 0.00000 0.00000    120.0 572.0 0.00000 0.00000 0.00000 0.12613 0.15315  1
1856.0 -202.0 0.00000 0.00000 0.00000 0.00000 0.00000    1888.0 -202.0 0.00000 0.00000 0.00000 0.05100 0.10200    1856.0 -158.0 0.00000 0.00000 0.00000 0.00000 0.00000    1888.0 -158.0 0.00000 0.00000 0.00000 0.05100 0.10200  1
-2048.0 -962.0 30.40000 0.00000 0.00000 0.00000 0.00000    -2004.0 -962.0 30.40000 0.00000 0.00000 0.00000 0.00000    -2048.0 -758.0 30.40000 0.00000 0.00000 0.00000 0.00000    -2004.0 -758.0 30.40000 0.00000 0.00000 0.00000 0.00000  3
2564.0 2370.0 16.40000 0.00000 0.00000 0.00000 0.00000    2604.0 2370.0 16.40000 0.00000 0.00000 0.00000 0.00000    2564.0 2398.0 16.40000 0.00000 0.00000 0.00000 0.00000    2604.0 2398.0 16.40000 0.00000 0.00000 0.00000 0.00000  3
-2522.0 -310.0 35.38200 0.00000 0.00000 0.00000 0.00000    -2382.0 -310.0 35.38200 0.00000 0.00000 0.00000 0.00000    -2522.0 -234.0 35.38200 0.00000 0.00000 0.00000 0.00000    -2382.0 -234.0 35.38200 0.00000 0.00000 0.00000 0.00000  1
2872.0 -2136.0 0.00000 0.00000 0.00000 0.28800 0.21422    2888.0 -2136.0 0.00000 0.00000 0.00000 0.37700 0.18744    2872.0 -2120.0 0.00000 0.00000 0.00000 0.00000 0.00000    2888.0 -2120.0 0.00000 0.00000 0.00000 0.37502 0.18804  1
2760.0 -2240.0 0.00000 0.00000 0.00000 0.19900 0.24100    2776.0 -2240.0 0.00000 0.00000 0.00000 0.19900 0.24100    2760.0 -2232.0 0.00000 0.00000 0.00000 0.00000 0.00000    2776.0 -2232.0 0.00000 0.00000 0.00000 0.19900 0.24100  1
-912.0 208.0 0.00000 0.00000 0.00000 0.07589 0.09259    -724.0 208.0 0.00000 0.00000 0.00000 0.02023 0.02548    -912.0 20.0 0.00000 0.00000 0.00000 0.14164 0.17185  1
-1610.0 168.0 0.00000 0.00000 0.00000 0.19900 0.24100    -1550.0 168.0 0.00000 0.00000 0.00000 0.19900 0.24100    -1550.0 108.0 0.00000 0.00000 0.00000 0.19900 0.24100  1
-1728.0 -62.0 0.00000 0.00000 0.00000 0.19900 0.24100    -1568.0 -62.0 0.00000 0.00000 0.00000 0.19900 0.24100    -1728.0 -222.0 0.00000 0.00000 0.00000 0.19900 0.24100  1
-1724.0 170.0 0.00000 0.00000 0.00000 0.19900 0.24100    -1612.0 170.0 0.00000 0.00000 0.00000 0.19900 0.24100    -1724.0 58.0 0.00000 0.00000 0.00000 0.19900 0.24100  1
-1550.0 168.0 0.00000 0.00000 0.00000 0.19900 0.24100    -1362.0 168.0 0.00000 0.00000 0.00000 0.19900 0.24100    -1550.0 -20.0 0.00000 0.00000 0.00000 0.19900 0.24100  1
-1722.0 -62.0 0.00000 0.00000 0.00000 0.19900 0.24100    -1574.0 -62.0 0.00000 0.00000 0.00000 0.19900 0.24100    -1574.0 86.0 0.00000 0.00000 0.00000 0.19900 0.24100  1
